Material,a,b,c,SG,C11,C12,Y_2D_a,Y_2D_b,G_a,G_b,B_a,B_b,V_a,V_b
Ba-O-Be-Se,3.900000,3.900000,18.514000,156.000000,52.900000,16.510000,47.740000,47.740000,18.190000,18.190000,34.700000,34.700000,0.310000 
Ba-O-Be-S,3.752000,3.752000,20.003000,156.000000,58.040000,15.780000,53.750000,53.750000,21.130000,21.130000,36.910000,36.910000,0.270000 
Ba-O-Be-Te,4.128000,4.128000,16.521000,156.000000,58.260000,35.590000,36.520000,36.520000,11.340000,11.340000,46.930000,46.930000,0.610000 
Ba-O-Cd-Se,4.332000,4.332000,15.008000,156.000000,47.000000,31.740000,25.560000,25.560000,7.630000,7.630000,39.370000,39.370000,0.680000 
Ba-O-Cd-S,4.258000,4.258000,15.527000,156.000000,58.700000,49.560000,16.860000,16.860000,4.570000,4.570000,54.130000,54.130000,0.840000 
Ba-O-Cd-Te,4.412000,4.412000,14.463000,156.000000,37.510000,19.160000,27.720000,27.720000,9.170000,9.170000,28.340000,28.340000,0.510000 
Ba-O-Mg-Se,4.292000,4.292000,15.286000,156.000000,101.240000,77.080000,42.550000,42.550000,12.080000,12.080000,89.160000,89.160000,0.760000 
Ba-O-Mg-S,4.183000,4.183000,16.094000,156.000000,76.540000,63.140000,24.450000,24.450000,6.700000,6.700000,69.840000,69.840000,0.820000 
Ba-O-Mg-Te,4.384000,4.384000,14.651000,156.000000,30.380000,12.470000,25.270000,25.270000,8.960000,8.960000,21.430000,21.430000,0.410000 
Ba-O-Sr-Se,4.377000,4.377000,14.697000,156.000000,-5.260000,-17.930000,55.910000,55.910000,6.340000,6.340000,-11.590000,-11.590000,3.410000 
Ba-O-Sr-S,4.360000,4.360000,14.813000,156.000000,9.040000,5.300000,5.940000,5.940000,1.870000,1.870000,7.170000,7.170000,0.590000 
Ba-O-Sr-Te,4.453000,4.453000,14.200000,156.000000,40.530000,22.250000,28.310000,28.310000,9.140000,9.140000,31.390000,31.390000,0.550000 
Ba-O-Zn-Se,4.189000,4.189000,16.049000,156.000000,76.280000,37.870000,57.470000,57.470000,19.200000,19.200000,57.070000,57.070000,0.500000 
Ba-O-Zn-S,4.078000,4.078000,16.931000,156.000000,69.060000,46.580000,37.640000,37.640000,11.240000,11.240000,57.820000,57.820000,0.670000 
Ba-O-Zn-Te,4.330000,4.330000,15.020000,156.000000,67.080000,40.160000,43.030000,43.030000,13.460000,13.460000,53.620000,53.620000,0.600000 
Ba-S-Be-O,3.510000,3.510000,22.857000,156.000000,-97.390000,109.340000,25.370000,25.370000,-103.370000,-103.370000,5.980000,5.980000,-1.120000 
Ba-S-Be-Se,3.952000,3.952000,18.025000,156.000000,46.390000,19.550000,38.150000,38.150000,13.420000,13.420000,32.970000,32.970000,0.420000 
Ba-S-Be-Te,4.263000,4.263000,15.496000,156.000000,38.730000,14.080000,33.620000,33.620000,12.330000,12.330000,26.410000,26.410000,0.360000 
Ba-S-Cd-O,3.940000,3.940000,18.143000,156.000000,26.320000,33.800000,-17.090000,-17.090000,-3.740000,-3.740000,30.060000,30.060000,1.280000 
Ba-S-Cd-Se,4.603000,4.603000,13.291000,156.000000,10.490000,4.100000,8.900000,8.900000,3.200000,3.200000,7.290000,7.290000,0.390000 
Ba-S-Cd-Te,4.820000,4.820000,12.118000,156.000000,28.200000,22.980000,9.480000,9.480000,2.610000,2.610000,25.590000,25.590000,0.810000 
Ba-Se-Be-O,4.579000,4.579000,13.427000,156.000000,23.920000,20.210000,6.840000,6.840000,1.850000,1.850000,22.060000,22.060000,0.840000 
Ba-Se-Be-S,3.783000,3.783000,19.673000,156.000000,18.500000,5.340000,16.960000,16.960000,6.580000,6.580000,11.920000,11.920000,0.290000 
Ba-Se-Be-Te,4.260000,4.260000,15.513000,156.000000,34.700000,17.170000,26.210000,26.210000,8.770000,8.770000,25.940000,25.940000,0.490000 
Ba-Se-Cd-O,3.947000,3.947000,18.072000,156.000000,52.050000,21.070000,43.520000,43.520000,15.490000,15.490000,36.560000,36.560000,0.400000 
Ba-Se-Cd-S,4.460000,4.460000,14.158000,156.000000,9.310000,8.130000,2.210000,2.210000,0.590000,0.590000,8.720000,8.720000,0.870000 
Ba-Se-Cd-Te,4.860000,4.860000,11.920000,156.000000,23.450000,16.630000,11.650000,11.650000,3.410000,3.410000,20.040000,20.040000,0.710000 
Ba-Se-Mg-O,3.716000,3.716000,20.389000,156.000000,38.640000,15.140000,32.710000,32.710000,11.750000,11.750000,26.890000,26.890000,0.390000 
Ba-Se-Mg-S,4.304000,4.304000,15.201000,156.000000,37.920000,24.500000,22.080000,22.080000,6.710000,6.710000,31.210000,31.210000,0.650000 
Ba-Se-Mg-Te,4.797000,4.797000,12.238000,156.000000,36.080000,32.160000,7.410000,7.410000,1.960000,1.960000,34.120000,34.120000,0.890000 
Ba-Se-Sr-O,4.218000,4.218000,15.824000,156.000000,40.920000,18.720000,32.360000,32.360000,11.100000,11.100000,29.820000,29.820000,0.460000 
Ba-Se-Sr-S,4.922000,4.922000,11.622000,156.000000,22.270000,8.840000,18.760000,18.760000,6.720000,6.720000,15.550000,15.550000,0.400000 
Ba-Se-Sr-Te,5.122000,5.122000,10.734000,156.000000,14.530000,0.510000,14.520000,14.520000,7.010000,7.010000,7.520000,7.520000,0.040000 
Ba-Se-Zn-O,4.588000,4.588000,13.376000,156.000000,26.800000,21.140000,10.130000,10.130000,2.830000,2.830000,23.970000,23.970000,0.790000 
Ba-Se-Zn-S,4.170000,4.170000,16.195000,156.000000,31.740000,30.390000,2.640000,2.640000,0.670000,0.670000,31.070000,31.070000,0.960000 
Ba-Se-Zn-Te,4.648000,4.648000,13.031000,156.000000,19.000000,8.350000,15.330000,15.330000,5.320000,5.320000,13.670000,13.670000,0.440000 
Ba-S-Mg-O,3.709000,3.709000,20.468000,156.000000,51.950000,39.320000,22.190000,22.190000,6.310000,6.310000,45.640000,45.640000,0.760000 
Ba-S-Mg-Se,4.493000,4.493000,13.947000,156.000000,-8.700000,-16.110000,21.130000,21.130000,3.710000,3.710000,-12.410000,-12.410000,1.850000 
Ba-S-Mg-Te,4.769000,4.769000,12.380000,156.000000,28.720000,42.880000,-35.300000,-35.300000,-7.080000,-7.080000,35.800000,35.800000,1.490000 
Ba-S-Sr-O,4.186000,4.186000,16.070000,156.000000,40.640000,21.750000,29.000000,29.000000,9.440000,9.440000,31.190000,31.190000,0.540000 
Ba-S-Sr-Se,4.971000,4.971000,11.393000,156.000000,18.370000,5.980000,16.420000,16.420000,6.190000,6.190000,12.170000,12.170000,0.330000 
Ba-S-Sr-Te,5.050000,5.050000,11.043000,156.000000,16.920000,3.500000,16.200000,16.200000,6.710000,6.710000,10.210000,10.210000,0.210000 
Ba-S-Zn-O,3.711000,3.711000,20.443000,156.000000,33.160000,34.830000,-3.410000,-3.410000,-0.830000,-0.830000,34.000000,34.000000,1.050000 
Ba-S-Zn-Se,4.370000,4.370000,14.746000,156.000000,-5.800000,-15.920000,37.920000,37.920000,5.060000,5.060000,-10.860000,-10.860000,2.750000 
Ba-S-Zn-Te,4.622000,4.622000,13.181000,156.000000,45.080000,33.040000,20.870000,20.870000,6.020000,6.020000,39.060000,39.060000,0.730000 
Ba-Te-Be-O,5.415000,5.415000,9.603000,156.000000,-10.580000,3.000000,-9.730000,-9.730000,-6.790000,-6.790000,-3.790000,-3.790000,-0.280000 
Ba-Te-Be-Se,4.020000,4.020000,17.423000,156.000000,20.020000,18.580000,2.780000,2.780000,0.720000,0.720000,19.300000,19.300000,0.930000 
Ba-Te-Be-S,4.262000,4.262000,15.498000,156.000000,42.280000,10.900000,39.470000,39.470000,15.690000,15.690000,26.590000,26.590000,0.260000 
Ba-Te-Cd-O,3.963000,3.963000,17.927000,156.000000,14.410000,9.100000,8.670000,8.670000,2.660000,2.660000,11.750000,11.750000,0.630000 
Ba-Te-Cd-Se,4.610000,4.610000,13.249000,156.000000,13.540000,16.900000,-7.570000,-7.570000,-1.680000,-1.680000,15.220000,15.220000,1.250000 
Ba-Te-Cd-S,5.252000,5.252000,10.208000,156.000000,18.710000,15.520000,5.840000,5.840000,1.600000,1.600000,17.120000,17.120000,0.830000 
Ba-Te-Mg-O,4.177000,4.177000,16.135000,156.000000,-8.510000,41.970000,198.460000,198.460000,-25.240000,-25.240000,16.730000,16.730000,-4.930000 
Ba-Te-Mg-Se,4.498000,4.498000,13.920000,156.000000,13.390000,13.820000,-0.880000,-0.880000,-0.220000,-0.220000,13.600000,13.600000,1.030000 
Ba-Te-Mg-S,4.311000,4.311000,15.149000,156.000000,19.310000,24.200000,-11.020000,-11.020000,-2.440000,-2.440000,21.760000,21.760000,1.250000 
Ba-Te-Sr-O,4.297000,4.297000,15.253000,156.000000,44.130000,20.820000,34.310000,34.310000,11.650000,11.650000,32.470000,32.470000,0.470000 
Ba-Te-Sr-Se,5.083000,5.083000,10.897000,156.000000,17.130000,2.670000,16.720000,16.720000,7.230000,7.230000,9.900000,9.900000,0.160000 
Ba-Te-Sr-S,4.973000,4.973000,11.384000,156.000000,21.720000,7.200000,19.330000,19.330000,7.260000,7.260000,14.460000,14.460000,0.330000 
Ba-Te-Zn-O,3.531000,3.531000,22.579000,156.000000,67.220000,33.560000,50.470000,50.470000,16.830000,16.830000,50.390000,50.390000,0.500000 
Ba-Te-Zn-Se,5.456000,5.456000,9.459000,156.000000,15.390000,11.960000,6.110000,6.110000,1.720000,1.720000,13.670000,13.670000,0.780000 
Ba-Te-Zn-S,5.243000,5.243000,10.242000,156.000000,19.000000,15.980000,5.560000,5.560000,1.510000,1.510000,17.490000,17.490000,0.840000 
Be-O-Ba-Se,4.577000,4.577000,13.441000,156.000000,24.150000,20.390000,6.930000,6.930000,1.880000,1.880000,22.270000,22.270000,0.840000 
Be-O-Ba-S,3.506000,3.506000,22.911000,156.000000,-98.610000,108.270000,20.260000,20.260000,-103.440000,-103.440000,4.830000,4.830000,-1.100000 
Be-O-Ba-Te,3.359000,3.359000,24.950000,156.000000,-25.020000,137.970000,735.910000,735.910000,-81.500000,-81.500000,56.480000,56.480000,-5.520000 
Be-O-Cd-Se,3.258000,3.258000,26.527000,156.000000,-115.090000,47.820000,-95.220000,-95.220000,-81.450000,-81.450000,-33.640000,-33.640000,-0.420000 
Be-O-Cd-S,3.344000,3.344000,25.176000,156.000000,-82.980000,84.220000,2.500000,2.500000,-83.600000,-83.600000,0.620000,0.620000,-1.010000 
Be-O-Mg-Se,3.288000,3.288000,26.039000,156.000000,-73.070000,104.150000,75.360000,75.360000,-88.610000,-88.610000,15.540000,15.540000,-1.430000 
Be-O-Mg-S,3.697000,3.697000,20.605000,156.000000,-115.200000,87.600000,-48.580000,-48.580000,-101.400000,-101.400000,-13.800000,-13.800000,-0.760000 
Be-O-Mg-Te,3.258000,3.258000,26.531000,156.000000,2.420000,168.110000,-11674.770000,-11674.770000,-82.840000,-82.840000,85.260000,85.260000,69.460000 
Be-O-Sr-Se,3.355000,3.355000,25.021000,156.000000,-94.080000,139.350000,112.310000,112.310000,-116.720000,-116.720000,22.630000,22.630000,-1.480000 
Be-O-Sr-S,3.446000,3.446000,23.707000,156.000000,-66.880000,131.470000,191.550000,191.550000,-99.180000,-99.180000,32.290000,32.290000,-1.970000 
Be-O-Sr-Te,5.237000,5.237000,10.268000,156.000000,-48.220000,3.020000,-48.030000,-48.030000,-25.620000,-25.620000,-22.600000,-22.600000,-0.060000 
Be-O-Zn-Se,4.084000,4.084000,16.880000,156.000000,-74.800000,11.910000,-72.900000,-72.900000,-43.350000,-43.350000,-31.440000,-31.440000,-0.160000 
Be-O-Zn-S,3.431000,3.431000,23.926000,156.000000,-71.560000,121.610000,135.120000,135.120000,-96.580000,-96.580000,25.030000,25.030000,-1.700000 
Be-O-Zn-Te,3.251000,3.251000,26.640000,156.000000,-46.270000,123.480000,283.240000,283.240000,-84.870000,-84.870000,38.600000,38.600000,-2.670000 
Be-S-Ba-O,3.755000,3.755000,19.974000,156.000000,57.430000,15.470000,53.260000,53.260000,20.980000,20.980000,36.450000,36.450000,0.270000 
Be-S-Ba-Se,3.785000,3.785000,19.654000,156.000000,18.470000,5.410000,16.890000,16.890000,6.530000,6.530000,11.940000,11.940000,0.290000 
Be-S-Ba-Te,4.261000,4.261000,15.510000,156.000000,42.420000,11.020000,39.560000,39.560000,15.700000,15.700000,26.720000,26.720000,0.260000 
Be-S-Cd-O,3.613000,3.613000,21.570000,156.000000,122.450000,73.290000,78.590000,78.590000,24.580000,24.580000,97.870000,97.870000,0.600000 
Be-S-Cd-Se,3.623000,3.623000,21.449000,156.000000,63.220000,31.750000,47.280000,47.280000,15.740000,15.740000,47.480000,47.480000,0.500000 
Be-S-Cd-Te,3.382000,3.382000,24.616000,156.000000,58.820000,45.330000,23.880000,23.880000,6.740000,6.740000,52.070000,52.070000,0.770000 
Be-Se-Ba-O,3.899000,3.899000,18.518000,156.000000,54.240000,16.830000,49.030000,49.030000,18.710000,18.710000,35.540000,35.540000,0.310000 
Be-Se-Ba-S,3.956000,3.956000,17.989000,156.000000,46.480000,19.620000,38.190000,38.190000,13.430000,13.430000,33.050000,33.050000,0.420000 
Be-Se-Ba-Te,4.014000,4.014000,17.477000,156.000000,21.320000,19.250000,3.940000,3.940000,1.040000,1.040000,20.280000,20.280000,0.900000 
Be-Se-Cd-O,3.688000,3.688000,20.698000,156.000000,124.910000,71.150000,84.380000,84.380000,26.880000,26.880000,98.030000,98.030000,0.570000 
Be-Se-Cd-S,3.888000,3.888000,18.630000,156.000000,51.100000,31.790000,31.330000,31.330000,9.660000,9.660000,41.450000,41.450000,0.620000 
Be-Se-Cd-Te,3.714000,3.714000,20.415000,156.000000,44.960000,30.770000,23.900000,23.900000,7.090000,7.090000,37.860000,37.860000,0.680000 
Be-Se-Mg-O,3.548000,3.548000,22.362000,156.000000,116.710000,35.290000,106.030000,106.030000,40.710000,40.710000,76.000000,76.000000,0.300000 
Be-Se-Mg-S,3.866000,3.866000,18.838000,156.000000,78.520000,29.030000,67.790000,67.790000,24.750000,24.750000,53.770000,53.770000,0.370000 
Be-Se-Mg-Te,3.746000,3.746000,20.071000,156.000000,39.420000,21.490000,27.700000,27.700000,8.960000,8.960000,30.460000,30.460000,0.550000 
Be-Se-Sr-O,3.881000,3.881000,18.698000,156.000000,75.360000,57.440000,31.570000,31.570000,8.960000,8.960000,66.400000,66.400000,0.760000 
Be-Se-Sr-S,3.948000,3.948000,18.061000,156.000000,49.660000,28.300000,33.530000,33.530000,10.680000,10.680000,38.980000,38.980000,0.570000 
Be-Se-Sr-Te,3.801000,3.801000,19.491000,156.000000,42.010000,21.820000,30.680000,30.680000,10.100000,10.100000,31.920000,31.920000,0.520000 
Be-Se-Zn-O,3.534000,3.534000,22.542000,156.000000,116.610000,36.020000,105.480000,105.480000,40.290000,40.290000,76.310000,76.310000,0.310000 
Be-Se-Zn-S,3.766000,3.766000,19.857000,156.000000,109.340000,43.070000,92.380000,92.380000,33.140000,33.140000,76.200000,76.200000,0.390000 
Be-Se-Zn-Te,3.943000,3.943000,18.108000,156.000000,24.490000,40.280000,-41.770000,-41.770000,-7.900000,-7.900000,32.390000,32.390000,1.640000 
Be-S-Mg-O,3.456000,3.456000,23.580000,156.000000,134.660000,49.580000,116.410000,116.410000,42.540000,42.540000,92.120000,92.120000,0.370000 
Be-S-Mg-Se,3.754000,3.754000,19.982000,156.000000,29.670000,9.410000,26.680000,26.680000,10.130000,10.130000,19.540000,19.540000,0.320000 
Be-S-Mg-Te,3.406000,3.406000,24.269000,156.000000,98.210000,52.690000,69.950000,69.950000,22.760000,22.760000,75.450000,75.450000,0.540000 
Be-S-Sr-O,3.811000,3.811000,19.388000,156.000000,104.940000,88.080000,31.020000,31.020000,8.430000,8.430000,96.510000,96.510000,0.840000 
Be-S-Sr-Se,3.738000,3.738000,20.151000,156.000000,35.780000,9.020000,33.510000,33.510000,13.380000,13.380000,22.400000,22.400000,0.250000 
Be-S-Sr-Te,3.552000,3.552000,22.318000,156.000000,64.160000,26.180000,53.480000,53.480000,18.990000,18.990000,45.170000,45.170000,0.410000 
Be-S-Zn-O,3.452000,3.452000,23.636000,156.000000,135.760000,51.490000,116.230000,116.230000,42.130000,42.130000,93.620000,93.620000,0.380000 
Be-S-Zn-Se,3.705000,3.705000,20.509000,156.000000,83.760000,27.830000,74.520000,74.520000,27.970000,27.970000,55.800000,55.800000,0.330000 
Be-S-Zn-Te,3.514000,3.514000,22.804000,156.000000,44.520000,19.500000,35.980000,35.980000,12.510000,12.510000,32.010000,32.010000,0.440000 
Be-Te-Ba-O,4.129000,4.129000,16.513000,156.000000,38.310000,23.120000,24.350000,24.350000,7.590000,7.590000,30.710000,30.710000,0.600000 
Be-Te-Ba-Se,4.261000,4.261000,15.508000,156.000000,34.730000,18.350000,25.030000,25.030000,8.190000,8.190000,26.540000,26.540000,0.530000 
Be-Te-Ba-S,4.263000,4.263000,15.497000,156.000000,38.600000,13.940000,33.560000,33.560000,12.330000,12.330000,26.270000,26.270000,0.360000 
Be-Te-Cd-O,3.858000,3.858000,18.916000,156.000000,94.310000,35.730000,80.760000,80.760000,29.290000,29.290000,65.020000,65.020000,0.380000 
Be-Te-Cd-Se,4.151000,4.151000,16.339000,156.000000,49.150000,29.400000,31.560000,31.560000,9.870000,9.870000,39.270000,39.270000,0.600000 
Be-Te-Cd-S,4.098000,4.098000,16.764000,156.000000,80.580000,35.340000,65.080000,65.080000,22.620000,22.620000,57.960000,57.960000,0.440000 
Be-Te-Mg-O,3.659000,3.659000,21.028000,156.000000,99.730000,21.890000,94.920000,94.920000,38.920000,38.920000,60.810000,60.810000,0.220000 
Be-Te-Mg-Se,4.123000,4.123000,16.561000,156.000000,71.410000,28.010000,60.420000,60.420000,21.700000,21.700000,49.710000,49.710000,0.390000 
Be-Te-Mg-S,4.039000,4.039000,17.258000,156.000000,96.400000,48.800000,71.700000,71.700000,23.800000,23.800000,72.600000,72.600000,0.510000 
Be-Te-Sr-O,4.025000,4.025000,17.385000,156.000000,75.530000,46.550000,46.840000,46.840000,14.490000,14.490000,61.040000,61.040000,0.620000 
Be-Te-Sr-Se,4.237000,4.237000,15.688000,156.000000,17.750000,-0.500000,17.740000,17.740000,9.130000,9.130000,8.630000,8.630000,-0.030000 
Be-Te-Sr-S,4.256000,4.256000,15.546000,156.000000,42.950000,30.980000,20.600000,20.600000,5.990000,5.990000,36.960000,36.960000,0.720000 
Be-Te-Zn-O,3.735000,3.735000,20.181000,156.000000,71.950000,18.630000,67.130000,67.130000,26.660000,26.660000,45.290000,45.290000,0.260000 
Be-Te-Zn-Se,4.022000,4.022000,17.411000,156.000000,67.820000,20.420000,61.670000,61.670000,23.700000,23.700000,44.120000,44.120000,0.300000 
Be-Te-Zn-S,3.934000,3.934000,18.193000,156.000000,104.910000,40.690000,89.120000,89.120000,32.110000,32.110000,72.800000,72.800000,0.390000 
Cd-O-Ba-Se,3.945000,3.945000,18.094000,156.000000,52.340000,21.350000,43.630000,43.630000,15.500000,15.500000,36.840000,36.840000,0.410000 
Cd-O-Ba-S,3.940000,3.940000,18.138000,156.000000,26.450000,33.240000,-15.310000,-15.310000,-3.390000,-3.390000,29.850000,29.850000,1.260000 
Cd-O-Ba-Te,3.969000,3.969000,17.877000,156.000000,14.640000,8.880000,9.260000,9.260000,2.880000,2.880000,11.760000,11.760000,0.610000 
Cd-O-Be-Se,3.689000,3.689000,20.693000,156.000000,124.960000,70.960000,84.660000,84.660000,27.000000,27.000000,97.960000,97.960000,0.570000 
Cd-O-Be-S,3.611000,3.611000,21.591000,156.000000,122.390000,73.220000,78.590000,78.590000,24.590000,24.590000,97.800000,97.800000,0.600000 
Cd-O-Be-Te,3.858000,3.858000,18.916000,156.000000,94.550000,35.480000,81.230000,81.230000,29.530000,29.530000,65.010000,65.010000,0.380000 
Cd-O-Mg-Se,4.001000,4.001000,17.589000,156.000000,59.280000,29.600000,44.490000,44.490000,14.840000,14.840000,44.440000,44.440000,0.500000 
Cd-O-Mg-S,3.888000,3.888000,18.630000,156.000000,100.320000,64.390000,59.000000,59.000000,17.970000,17.970000,82.350000,82.350000,0.640000 
Cd-O-Mg-Te,3.924000,3.924000,18.289000,156.000000,38.350000,12.000000,34.590000,34.590000,13.170000,13.170000,25.170000,25.170000,0.310000 
Cd-O-Sr-Se,3.949000,3.949000,18.054000,156.000000,48.740000,20.720000,39.940000,39.940000,14.010000,14.010000,34.730000,34.730000,0.430000 
Cd-O-Sr-S,3.926000,3.926000,18.268000,156.000000,60.250000,42.420000,30.380000,30.380000,8.910000,8.910000,51.340000,51.340000,0.700000 
Cd-O-Sr-Te,4.267000,4.267000,15.463000,156.000000,21.850000,21.810000,0.070000,0.070000,0.020000,0.020000,21.830000,21.830000,1.000000 
Cd-O-Zn-Se,3.833000,3.833000,19.165000,156.000000,83.430000,42.450000,61.830000,61.830000,20.490000,20.490000,62.940000,62.940000,0.510000 
Cd-O-Zn-S,3.792000,3.792000,19.581000,156.000000,102.030000,53.700000,73.770000,73.770000,24.170000,24.170000,77.870000,77.870000,0.530000 
Cd-O-Zn-Te,3.898000,3.898000,18.536000,156.000000,35.750000,37.560000,-3.730000,-3.730000,-0.910000,-0.910000,36.660000,36.660000,1.050000 
Cd-S-Ba-O,4.258000,4.258000,15.532000,156.000000,58.610000,49.620000,16.600000,16.600000,4.500000,4.500000,54.120000,54.120000,0.850000 
Cd-S-Ba-Se,4.458000,4.458000,14.169000,156.000000,8.890000,7.920000,1.840000,1.840000,0.490000,0.490000,8.400000,8.400000,0.890000 
Cd-S-Ba-Te,5.254000,5.254000,10.202000,156.000000,18.670000,15.440000,5.890000,5.890000,1.610000,1.610000,17.050000,17.050000,0.830000 
Cd-S-Be-O,3.343000,3.343000,25.201000,156.000000,-83.060000,84.010000,1.910000,1.910000,-83.540000,-83.540000,0.470000,0.470000,-1.010000 
Cd-S-Be-Se,3.892000,3.892000,18.590000,156.000000,44.960000,19.960000,36.100000,36.100000,12.500000,12.500000,32.460000,32.460000,0.440000 
Cd-S-Be-Te,4.098000,4.098000,16.764000,156.000000,80.540000,35.470000,64.920000,64.920000,22.530000,22.530000,58.010000,58.010000,0.440000 
Cd-Se-Ba-O,4.331000,4.331000,15.010000,156.000000,48.470000,44.680000,7.280000,7.280000,1.890000,1.890000,46.570000,46.570000,0.920000 
Cd-Se-Ba-S,4.604000,4.604000,13.286000,156.000000,10.820000,4.380000,9.050000,9.050000,3.220000,3.220000,7.600000,7.600000,0.400000 
Cd-Se-Ba-Te,4.613000,4.613000,13.233000,156.000000,11.520000,14.400000,-6.470000,-6.470000,-1.440000,-1.440000,12.960000,12.960000,1.250000 
Cd-Se-Be-O,3.259000,3.259000,26.518000,156.000000,-111.710000,48.410000,-90.740000,-90.740000,-80.060000,-80.060000,-31.650000,-31.650000,-0.430000 
Cd-Se-Be-S,3.604000,3.604000,21.673000,156.000000,56.770000,27.210000,43.730000,43.730000,14.780000,14.780000,41.990000,41.990000,0.480000 
Cd-Se-Be-Te,4.154000,4.154000,16.318000,156.000000,53.080000,33.150000,32.380000,32.380000,9.970000,9.970000,43.110000,43.110000,0.620000 
Cd-Se-Mg-O,3.486000,3.486000,23.170000,156.000000,14.200000,-6.870000,10.880000,10.880000,10.540000,10.540000,3.670000,3.670000,-0.480000 
Cd-Se-Mg-S,4.200000,4.200000,15.960000,156.000000,62.330000,43.960000,31.330000,31.330000,9.190000,9.190000,53.150000,53.150000,0.710000 
Cd-Se-Mg-Te,4.495000,4.495000,13.935000,156.000000,49.500000,22.910000,38.890000,38.890000,13.290000,13.290000,36.210000,36.210000,0.460000 
Cd-Se-Sr-O,4.145000,4.145000,16.390000,156.000000,47.830000,32.060000,26.340000,26.340000,7.880000,7.880000,39.950000,39.950000,0.670000 
Cd-Se-Sr-S,4.587000,4.587000,13.383000,156.000000,52.230000,45.140000,13.200000,13.200000,3.540000,3.540000,48.680000,48.680000,0.860000 
Cd-Se-Sr-Te,4.558000,4.558000,13.556000,156.000000,11.720000,20.020000,-22.470000,-22.470000,-4.150000,-4.150000,15.870000,15.870000,1.710000 
Cd-Se-Zn-O,3.593000,3.593000,21.812000,156.000000,24.390000,23.900000,0.970000,0.970000,0.240000,0.240000,24.150000,24.150000,0.980000 
Cd-Se-Zn-S,4.058000,4.058000,17.103000,156.000000,62.520000,35.140000,42.760000,42.760000,13.690000,13.690000,48.830000,48.830000,0.560000 
Cd-Se-Zn-Te,4.354000,4.354000,14.852000,156.000000,60.920000,25.330000,50.390000,50.390000,17.790000,17.790000,43.120000,43.120000,0.420000 
Cd-S-Mg-O,3.661000,3.661000,21.003000,156.000000,35.160000,20.100000,23.670000,23.670000,7.530000,7.530000,27.630000,27.630000,0.570000 
Cd-S-Mg-Se,4.253000,4.253000,15.567000,156.000000,69.990000,38.830000,48.450000,48.450000,15.580000,15.580000,54.410000,54.410000,0.550000 
Cd-S-Mg-Te,4.358000,4.358000,14.828000,156.000000,28.210000,33.880000,-12.480000,-12.480000,-2.830000,-2.830000,31.050000,31.050000,1.200000 
Cd-S-Sr-O,4.125000,4.125000,16.549000,156.000000,80.960000,60.290000,36.050000,36.050000,10.330000,10.330000,70.630000,70.630000,0.740000 
Cd-S-Sr-Se,4.421000,4.421000,14.409000,156.000000,31.690000,36.410000,-10.150000,-10.150000,-2.360000,-2.360000,34.050000,34.050000,1.150000 
Cd-S-Sr-Te,4.399000,4.399000,14.549000,156.000000,-14.120000,-6.600000,-11.040000,-11.040000,-3.760000,-3.760000,-10.360000,-10.360000,0.470000 
Cd-S-Zn-O,3.608000,3.608000,21.631000,156.000000,50.360000,28.830000,33.860000,33.860000,10.770000,10.770000,39.590000,39.590000,0.570000 
Cd-S-Zn-Se,4.134000,4.134000,16.474000,156.000000,72.650000,33.400000,57.290000,57.290000,19.620000,19.620000,53.020000,53.020000,0.460000 
Cd-S-Zn-Te,4.277000,4.277000,15.394000,156.000000,71.100000,32.490000,56.250000,56.250000,19.300000,19.300000,51.790000,51.790000,0.460000 
Cd-Te-Ba-O,4.415000,4.415000,14.446000,156.000000,35.160000,23.730000,19.130000,19.130000,5.710000,5.710000,29.440000,29.440000,0.680000 
Cd-Te-Ba-Se,4.861000,4.861000,11.917000,156.000000,23.900000,17.150000,11.600000,11.600000,3.380000,3.380000,20.530000,20.530000,0.720000 
Cd-Te-Ba-S,4.822000,4.822000,12.109000,156.000000,29.390000,22.210000,12.600000,12.600000,3.590000,3.590000,25.800000,25.800000,0.760000 
Cd-Te-Be-O,3.268000,3.268000,26.364000,156.000000,-23.290000,154.810000,1005.720000,1005.720000,-89.050000,-89.050000,65.760000,65.760000,-6.650000 
Cd-Te-Be-Se,3.713000,3.713000,20.420000,156.000000,44.890000,30.450000,24.230000,24.230000,7.220000,7.220000,37.670000,37.670000,0.680000 
Cd-Te-Be-S,3.382000,3.382000,24.622000,156.000000,66.540000,57.290000,17.220000,17.220000,4.630000,4.630000,61.910000,61.910000,0.860000 
Cd-Te-Mg-O,3.410000,3.410000,24.214000,156.000000,46.450000,58.420000,-27.030000,-27.030000,-5.990000,-5.990000,52.440000,52.440000,1.260000 
Cd-Te-Mg-Se,4.424000,4.424000,14.385000,156.000000,38.400000,35.030000,6.440000,6.440000,1.680000,1.680000,36.710000,36.710000,0.910000 
Cd-Te-Mg-S,4.295000,4.295000,15.266000,156.000000,35.340000,40.470000,-11.020000,-11.020000,-2.570000,-2.570000,37.910000,37.910000,1.150000 
Cd-Te-Sr-O,4.219000,4.219000,15.816000,156.000000,54.960000,29.710000,38.900000,38.900000,12.630000,12.630000,42.330000,42.330000,0.540000 
Cd-Te-Sr-Se,4.791000,4.791000,12.267000,156.000000,31.150000,20.040000,18.260000,18.260000,5.560000,5.560000,25.590000,25.590000,0.640000 
Cd-Te-Sr-S,4.743000,4.743000,12.515000,156.000000,44.530000,32.600000,20.660000,20.660000,5.960000,5.960000,38.560000,38.560000,0.730000 
Cd-Te-Zn-O,3.423000,3.423000,24.027000,156.000000,-0.170000,12.590000,911.790000,911.790000,-6.380000,-6.380000,6.210000,6.210000,-72.430000 
Cd-Te-Zn-Se,4.292000,4.292000,15.285000,156.000000,38.370000,23.050000,24.510000,24.510000,7.660000,7.660000,30.710000,30.710000,0.600000 
Cd-Te-Zn-S,4.117000,4.117000,16.612000,156.000000,30.100000,13.620000,23.930000,23.930000,8.240000,8.240000,21.860000,21.860000,0.450000 
Mg-O-Ba-Se,3.716000,3.716000,20.388000,156.000000,38.640000,15.140000,32.720000,32.720000,11.750000,11.750000,26.890000,26.890000,0.390000 
Mg-O-Ba-S,3.709000,3.709000,20.468000,156.000000,44.150000,28.940000,25.170000,25.170000,7.600000,7.600000,36.540000,36.540000,0.660000 
Mg-O-Ba-Te,4.124000,4.124000,16.555000,156.000000,-2.440000,43.860000,786.140000,786.140000,-23.150000,-23.150000,20.710000,20.710000,-17.980000 
Mg-O-Be-Se,3.549000,3.549000,22.362000,156.000000,116.490000,35.310000,105.790000,105.790000,40.590000,40.590000,75.900000,75.900000,0.300000 
Mg-O-Be-S,3.455000,3.455000,23.590000,156.000000,134.860000,49.800000,116.470000,116.470000,42.530000,42.530000,92.330000,92.330000,0.370000 
Mg-O-Be-Te,3.660000,3.660000,21.025000,156.000000,99.690000,21.880000,94.890000,94.890000,38.900000,38.900000,60.790000,60.790000,0.220000 
Mg-O-Cd-Se,3.486000,3.486000,23.165000,156.000000,14.110000,-7.030000,10.610000,10.610000,10.570000,10.570000,3.540000,3.540000,-0.500000 
Mg-O-Cd-S,3.659000,3.659000,21.030000,156.000000,42.600000,20.990000,32.260000,32.260000,10.810000,10.810000,31.800000,31.800000,0.490000 
Mg-O-Cd-Te,3.411000,3.411000,24.198000,156.000000,54.980000,59.190000,-8.760000,-8.760000,-2.110000,-2.110000,57.080000,57.080000,1.080000 
Mg-O-Sr-Se,3.665000,3.665000,20.963000,156.000000,29.760000,2.150000,29.610000,29.610000,13.810000,13.810000,15.960000,15.960000,0.070000 
Mg-O-Sr-S,3.689000,3.689000,20.688000,156.000000,48.350000,10.890000,45.900000,45.900000,18.730000,18.730000,29.620000,29.620000,0.230000 
Mg-O-Sr-Te,3.539000,3.539000,22.487000,156.000000,56.850000,30.830000,40.130000,40.130000,13.010000,13.010000,43.840000,43.840000,0.540000 
Mg-O-Zn-Se,3.801000,3.801000,19.491000,156.000000,46.730000,8.600000,45.150000,45.150000,19.070000,19.070000,27.660000,27.660000,0.180000 
Mg-O-Zn-S,3.614000,3.614000,21.564000,156.000000,90.360000,28.990000,81.060000,81.060000,30.690000,30.690000,59.680000,59.680000,0.320000 
Mg-O-Zn-Te,3.760000,3.760000,19.922000,156.000000,12.130000,0.170000,12.130000,12.130000,5.980000,5.980000,6.150000,6.150000,0.010000 
Mg-S-Ba-O,4.183000,4.183000,16.093000,156.000000,76.560000,63.120000,24.520000,24.520000,6.720000,6.720000,69.840000,69.840000,0.820000 
Mg-S-Ba-Se,4.304000,4.304000,15.203000,156.000000,37.330000,23.910000,22.020000,22.020000,6.710000,6.710000,30.620000,30.620000,0.640000 
Mg-S-Ba-Te,4.309000,4.309000,15.169000,156.000000,25.690000,28.460000,-5.850000,-5.850000,-1.390000,-1.390000,27.070000,27.070000,1.110000 
Mg-S-Be-O,3.697000,3.697000,20.605000,156.000000,-114.110000,45.040000,-96.330000,-96.330000,-79.570000,-79.570000,-34.540000,-34.540000,-0.390000 
Mg-S-Be-Se,3.867000,3.867000,18.831000,156.000000,77.320000,30.990000,64.900000,64.900000,23.160000,23.160000,54.150000,54.150000,0.400000 
Mg-S-Be-Te,4.039000,4.039000,17.258000,156.000000,96.260000,48.480000,71.840000,71.840000,23.890000,23.890000,72.370000,72.370000,0.500000 
Mg-S-Cd-O,3.888000,3.888000,18.630000,156.000000,94.620000,64.660000,50.430000,50.430000,14.980000,14.980000,79.640000,79.640000,0.680000 
Mg-S-Cd-Se,4.197000,4.197000,15.988000,156.000000,62.430000,44.060000,31.330000,31.330000,9.180000,9.180000,53.250000,53.250000,0.710000 
Mg-S-Cd-Te,4.296000,4.296000,15.258000,156.000000,25.400000,18.730000,11.600000,11.600000,3.340000,3.340000,22.070000,22.070000,0.740000 
Mg-Se-Ba-O,4.282000,4.282000,15.356000,156.000000,51.170000,43.580000,14.050000,14.050000,3.790000,3.790000,47.370000,47.370000,0.850000 
Mg-Se-Ba-S,4.493000,4.493000,13.949000,156.000000,4.550000,-3.180000,2.340000,2.340000,3.870000,3.870000,0.690000,0.690000,-0.700000 
Mg-Se-Ba-Te,4.495000,4.495000,13.938000,156.000000,17.250000,18.750000,-3.130000,-3.130000,-0.750000,-0.750000,18.000000,18.000000,1.090000 
Mg-Se-Be-O,3.288000,3.288000,26.038000,156.000000,-68.940000,109.310000,104.360000,104.360000,-89.130000,-89.130000,20.180000,20.180000,-1.590000 
Mg-Se-Be-S,3.754000,3.754000,19.982000,156.000000,31.300000,9.030000,28.690000,28.690000,11.130000,11.130000,20.160000,20.160000,0.290000 
Mg-Se-Be-Te,4.123000,4.123000,16.562000,156.000000,71.390000,28.010000,60.400000,60.400000,21.690000,21.690000,49.700000,49.700000,0.390000 
Mg-Se-Cd-O,4.001000,4.001000,17.589000,156.000000,59.120000,29.410000,44.480000,44.480000,14.850000,14.850000,44.260000,44.260000,0.500000 
Mg-Se-Cd-S,4.253000,4.253000,15.568000,156.000000,69.780000,38.790000,48.220000,48.220000,15.490000,15.490000,54.290000,54.290000,0.560000 
Mg-Se-Cd-Te,4.424000,4.424000,14.385000,156.000000,38.310000,34.950000,6.420000,6.420000,1.680000,1.680000,36.630000,36.630000,0.910000 
Mg-Se-Sr-O,4.126000,4.126000,16.538000,156.000000,78.700000,62.000000,29.860000,29.860000,8.350000,8.350000,70.350000,70.350000,0.790000 
Mg-Se-Sr-S,4.513000,4.513000,13.827000,156.000000,25.270000,16.840000,14.050000,14.050000,4.220000,4.220000,21.050000,21.050000,0.670000 
Mg-Se-Sr-Te,4.452000,4.452000,14.204000,156.000000,11.100000,16.220000,-12.600000,-12.600000,-2.560000,-2.560000,13.660000,13.660000,1.460000 
Mg-Se-Zn-O,3.916000,3.916000,18.365000,156.000000,-10.150000,67.400000,437.210000,437.210000,-38.780000,-38.780000,28.620000,28.620000,-6.640000 
Mg-Se-Zn-S,4.030000,4.030000,17.337000,156.000000,65.750000,27.290000,54.420000,54.420000,19.230000,19.230000,46.520000,46.520000,0.420000 
Mg-Se-Zn-Te,4.312000,4.312000,15.147000,156.000000,69.710000,33.820000,53.310000,53.310000,17.950000,17.950000,51.760000,51.760000,0.490000 
Mg-S-Sr-O,4.058000,4.058000,17.101000,156.000000,91.510000,64.020000,46.720000,46.720000,13.740000,13.740000,77.760000,77.760000,0.700000 
Mg-S-Sr-Se,4.295000,4.295000,15.265000,156.000000,16.240000,13.670000,4.740000,4.740000,1.290000,1.290000,14.960000,14.960000,0.840000 
Mg-S-Sr-Te,4.270000,4.270000,15.446000,156.000000,3.890000,2.780000,1.910000,1.910000,0.560000,0.560000,3.340000,3.340000,0.710000 
Mg-S-Zn-O,3.616000,3.616000,21.531000,156.000000,17.490000,16.320000,2.260000,2.260000,0.590000,0.590000,16.910000,16.910000,0.930000 
Mg-S-Zn-Se,4.065000,4.065000,17.040000,156.000000,86.980000,46.950000,61.640000,61.640000,20.020000,20.020000,66.960000,66.960000,0.540000 
Mg-S-Zn-Te,4.195000,4.195000,15.999000,156.000000,60.460000,27.500000,47.950000,47.950000,16.480000,16.480000,43.980000,43.980000,0.450000 
Mg-Te-Ba-O,4.384000,4.384000,14.652000,156.000000,25.580000,8.760000,22.580000,22.580000,8.410000,8.410000,17.170000,17.170000,0.340000 
Mg-Te-Ba-Se,4.797000,4.797000,12.238000,156.000000,32.690000,34.640000,-4.020000,-4.020000,-0.980000,-0.980000,33.670000,33.670000,1.060000 
Mg-Te-Ba-S,4.769000,4.769000,12.381000,156.000000,36.760000,34.920000,3.590000,3.590000,0.920000,0.920000,35.840000,35.840000,0.950000 
Mg-Te-Be-O,3.257000,3.257000,26.544000,156.000000,2.770000,168.470000,-10225.720000,-10225.720000,-82.850000,-82.850000,85.620000,85.620000,60.710000 
Mg-Te-Be-Se,3.742000,3.742000,20.110000,156.000000,39.630000,21.450000,28.020000,28.020000,9.090000,9.090000,30.540000,30.540000,0.540000 
Mg-Te-Be-S,3.403000,3.403000,24.315000,156.000000,100.500000,51.920000,73.680000,73.680000,24.290000,24.290000,76.210000,76.210000,0.520000 
Mg-Te-Cd-O,3.928000,3.928000,18.247000,156.000000,38.480000,12.150000,34.650000,34.650000,13.170000,13.170000,25.310000,25.310000,0.320000 
Mg-Te-Cd-Se,4.499000,4.499000,13.914000,156.000000,49.390000,22.870000,38.790000,38.790000,13.260000,13.260000,36.130000,36.130000,0.460000 
Mg-Te-Cd-S,4.358000,4.358000,14.829000,156.000000,20.560000,35.600000,-41.060000,-41.060000,-7.520000,-7.520000,28.080000,28.080000,1.730000 
Mg-Te-Sr-O,4.195000,4.195000,15.998000,156.000000,47.990000,21.210000,38.620000,38.620000,13.390000,13.390000,34.600000,34.600000,0.440000 
Mg-Te-Sr-Se,4.778000,4.778000,12.332000,156.000000,36.530000,19.410000,26.210000,26.210000,8.560000,8.560000,27.970000,27.970000,0.530000 
Mg-Te-Sr-S,4.718000,4.718000,12.652000,156.000000,50.210000,40.960000,16.800000,16.800000,4.620000,4.620000,45.580000,45.580000,0.820000 
Mg-Te-Zn-O,3.430000,3.430000,23.934000,156.000000,61.240000,28.950000,47.550000,47.550000,16.140000,16.140000,45.100000,45.100000,0.470000 
Mg-Te-Zn-Se,4.256000,4.256000,15.548000,156.000000,47.030000,27.570000,30.870000,30.870000,9.730000,9.730000,37.300000,37.300000,0.590000 
Mg-Te-Zn-S,4.073000,4.073000,16.975000,156.000000,19.890000,42.350000,-70.290000,-70.290000,-11.230000,-11.230000,31.120000,31.120000,2.130000 
Sr-O-Ba-Se,4.220000,4.220000,15.808000,156.000000,38.810000,15.680000,32.470000,32.470000,11.560000,11.560000,27.250000,27.250000,0.400000 
Sr-O-Ba-S,4.177000,4.177000,16.140000,156.000000,35.540000,14.950000,29.250000,29.250000,10.290000,10.290000,25.250000,25.250000,0.420000 
Sr-O-Ba-Te,4.295000,4.295000,15.261000,156.000000,44.250000,20.930000,34.360000,34.360000,11.660000,11.660000,32.590000,32.590000,0.470000 
Sr-O-Be-Se,3.880000,3.880000,18.707000,156.000000,88.730000,49.490000,61.130000,61.130000,19.620000,19.620000,69.110000,69.110000,0.560000 
Sr-O-Be-S,3.811000,3.811000,19.388000,156.000000,55.580000,47.280000,15.360000,15.360000,4.150000,4.150000,51.430000,51.430000,0.850000 
Sr-O-Be-Te,4.025000,4.025000,17.382000,156.000000,64.930000,26.790000,53.870000,53.870000,19.070000,19.070000,45.860000,45.860000,0.410000 
Sr-O-Cd-Se,4.142000,4.142000,16.411000,156.000000,47.750000,36.330000,20.110000,20.110000,5.710000,5.710000,42.040000,42.040000,0.760000 
Sr-O-Cd-S,4.125000,4.125000,16.548000,156.000000,80.880000,60.170000,36.110000,36.110000,10.350000,10.350000,70.530000,70.530000,0.740000 
Sr-O-Cd-Te,4.220000,4.220000,15.814000,156.000000,55.370000,29.900000,39.230000,39.230000,12.740000,12.740000,42.640000,42.640000,0.540000 
Sr-O-Mg-Se,4.126000,4.126000,16.540000,156.000000,81.020000,65.240000,28.500000,28.500000,7.890000,7.890000,73.130000,73.130000,0.810000 
Sr-O-Mg-S,4.058000,4.058000,17.100000,156.000000,91.990000,64.370000,46.950000,46.950000,13.810000,13.810000,78.180000,78.180000,0.700000 
Sr-O-Mg-Te,4.195000,4.195000,15.998000,156.000000,29.190000,-28.200000,1.940000,1.940000,28.700000,28.700000,0.490000,0.490000,-0.970000 
Sr-O-Zn-Se,4.048000,4.048000,17.183000,156.000000,64.830000,36.640000,44.130000,44.130000,14.100000,14.100000,50.730000,50.730000,0.570000 
Sr-O-Zn-S,3.968000,3.968000,17.881000,156.000000,98.100000,61.400000,59.680000,59.680000,18.350000,18.350000,79.750000,79.750000,0.630000 
Sr-O-Zn-Te,4.160000,4.160000,16.269000,156.000000,63.140000,32.670000,46.240000,46.240000,15.240000,15.240000,47.910000,47.910000,0.520000 
Sr-S-Ba-O,4.361000,4.361000,14.805000,156.000000,0.500000,-1.480000,-3.850000,-3.850000,0.990000,0.990000,-0.490000,-0.490000,-2.950000 
Sr-S-Ba-Se,4.922000,4.922000,11.621000,156.000000,31.470000,30.230000,2.420000,2.420000,0.620000,0.620000,30.850000,30.850000,0.960000 
Sr-S-Ba-Te,4.977000,4.977000,11.370000,156.000000,21.630000,7.030000,19.340000,19.340000,7.300000,7.300000,14.330000,14.330000,0.330000 
Sr-S-Be-O,3.446000,3.446000,23.712000,156.000000,-127.780000,94.140000,-58.420000,-58.420000,-110.960000,-110.960000,-16.820000,-16.820000,-0.740000 
Sr-S-Be-Se,3.949000,3.949000,18.058000,156.000000,10.240000,-9.330000,1.750000,1.750000,9.780000,9.780000,0.460000,0.460000,-0.910000 
Sr-S-Be-Te,4.254000,4.254000,15.556000,156.000000,23.430000,9.630000,19.470000,19.470000,6.900000,6.900000,16.530000,16.530000,0.410000 
Sr-S-Cd-O,3.925000,3.925000,18.275000,156.000000,50.040000,27.220000,35.240000,35.240000,11.410000,11.410000,38.630000,38.630000,0.540000 
Sr-S-Cd-Se,4.588000,4.588000,13.379000,156.000000,52.100000,44.900000,13.420000,13.420000,3.600000,3.600000,48.500000,48.500000,0.860000 
Sr-S-Cd-Te,4.746000,4.746000,12.499000,156.000000,37.860000,33.430000,8.350000,8.350000,2.220000,2.220000,35.650000,35.650000,0.880000 
Sr-Se-Ba-O,4.374000,4.374000,14.720000,156.000000,-8.940000,-21.620000,43.320000,43.320000,6.340000,6.340000,-15.280000,-15.280000,2.420000 
Sr-Se-Ba-S,4.967000,4.967000,11.414000,156.000000,18.590000,6.150000,16.550000,16.550000,6.220000,6.220000,12.370000,12.370000,0.330000 
Sr-Se-Ba-Te,5.083000,5.083000,10.900000,156.000000,17.140000,2.680000,16.720000,16.720000,7.230000,7.230000,9.910000,9.910000,0.160000 
Sr-Se-Be-O,3.354000,3.354000,25.023000,156.000000,-93.950000,139.180000,112.240000,112.240000,-116.570000,-116.570000,22.620000,22.620000,-1.480000 
Sr-Se-Be-S,3.738000,3.738000,20.152000,156.000000,47.630000,15.410000,42.640000,42.640000,16.110000,16.110000,31.520000,31.520000,0.320000 
Sr-Se-Be-Te,4.240000,4.240000,15.661000,156.000000,49.600000,31.470000,29.630000,29.630000,9.060000,9.060000,40.530000,40.530000,0.630000 
Sr-Se-Cd-O,3.943000,3.943000,18.109000,156.000000,48.970000,21.050000,39.920000,39.920000,13.960000,13.960000,35.010000,35.010000,0.430000 
Sr-Se-Cd-S,4.421000,4.421000,14.409000,156.000000,-18.410000,-22.760000,9.730000,9.730000,2.170000,2.170000,-20.590000,-20.590000,1.240000 
Sr-Se-Cd-Te,4.802000,4.802000,12.210000,156.000000,22.770000,25.550000,-5.910000,-5.910000,-1.390000,-1.390000,24.160000,24.160000,1.120000 
Sr-Se-Mg-O,3.665000,3.665000,20.968000,156.000000,30.560000,1.690000,30.470000,30.470000,14.430000,14.430000,16.130000,16.130000,0.060000 
Sr-Se-Mg-S,4.299000,4.299000,15.234000,156.000000,33.130000,29.650000,6.600000,6.600000,1.740000,1.740000,31.390000,31.390000,0.890000 
Sr-Se-Mg-Te,4.779000,4.779000,12.329000,156.000000,33.050000,44.270000,-26.270000,-26.270000,-5.610000,-5.610000,38.660000,38.660000,1.340000 
Sr-Se-Zn-O,3.650000,3.650000,21.133000,156.000000,34.050000,26.760000,13.030000,13.030000,3.650000,3.650000,30.400000,30.400000,0.790000 
Sr-Se-Zn-S,4.136000,4.136000,16.463000,156.000000,8.740000,-1.060000,8.620000,8.620000,4.900000,4.900000,3.840000,3.840000,-0.120000 
Sr-Se-Zn-Te,4.594000,4.594000,13.342000,156.000000,29.920000,21.010000,15.170000,15.170000,4.460000,4.460000,25.460000,25.460000,0.700000 
Sr-S-Mg-O,3.685000,3.685000,20.731000,156.000000,58.570000,16.330000,54.020000,54.020000,21.120000,21.120000,37.450000,37.450000,0.280000 
Sr-S-Mg-Se,4.508000,4.508000,13.855000,156.000000,51.230000,43.710000,13.940000,13.940000,3.760000,3.760000,47.470000,47.470000,0.850000 
Sr-S-Mg-Te,4.717000,4.717000,12.653000,156.000000,51.750000,36.650000,25.800000,25.800000,7.550000,7.550000,44.200000,44.200000,0.710000 
Sr-S-Zn-O,3.677000,3.677000,20.825000,156.000000,32.600000,41.150000,-19.340000,-19.340000,-4.270000,-4.270000,36.870000,36.870000,1.260000 
Sr-S-Zn-Se,4.325000,4.325000,15.050000,156.000000,31.660000,25.250000,11.530000,11.530000,3.210000,3.210000,28.460000,28.460000,0.800000 
Sr-S-Zn-Te,4.578000,4.578000,13.435000,156.000000,44.040000,33.770000,18.140000,18.140000,5.130000,5.130000,38.900000,38.900000,0.770000 
Sr-Te-Ba-O,4.452000,4.452000,14.204000,156.000000,40.680000,22.330000,28.410000,28.410000,9.170000,9.170000,31.510000,31.510000,0.550000 
Sr-Te-Ba-Se,5.122000,5.122000,10.734000,156.000000,14.530000,0.510000,14.510000,14.510000,7.010000,7.010000,7.520000,7.520000,0.030000 
Sr-Te-Ba-S,5.049000,5.049000,11.046000,156.000000,16.930000,3.520000,16.200000,16.200000,6.710000,6.710000,10.220000,10.220000,0.210000 
Sr-Te-Be-O,5.234000,5.234000,10.280000,156.000000,-26.100000,1.560000,-26.010000,-26.010000,-13.830000,-13.830000,-12.270000,-12.270000,-0.060000 
Sr-Te-Be-Se,3.801000,3.801000,19.491000,156.000000,42.160000,21.810000,30.870000,30.870000,10.170000,10.170000,31.990000,31.990000,0.520000 
Sr-Te-Be-S,3.552000,3.552000,22.317000,156.000000,70.720000,32.400000,55.880000,55.880000,19.160000,19.160000,51.560000,51.560000,0.460000 
Sr-Te-Cd-O,4.365000,4.365000,14.777000,156.000000,29.790000,9.020000,27.050000,27.050000,10.380000,10.380000,19.400000,19.400000,0.300000 
Sr-Te-Cd-Se,4.557000,4.557000,13.560000,156.000000,10.940000,12.080000,-2.400000,-2.400000,-0.570000,-0.570000,11.510000,11.510000,1.100000 
Sr-Te-Cd-S,4.398000,4.398000,14.561000,156.000000,-3.900000,4.140000,0.500000,0.500000,-4.020000,-4.020000,0.120000,0.120000,-1.060000 
Sr-Te-Mg-O,3.536000,3.536000,22.516000,156.000000,58.290000,33.640000,38.870000,38.870000,12.320000,12.320000,45.970000,45.970000,0.580000 
Sr-Te-Mg-Se,4.454000,4.454000,14.196000,156.000000,7.470000,13.510000,-16.950000,-16.950000,-3.020000,-3.020000,10.490000,10.490000,1.810000 
Sr-Te-Mg-S,4.273000,4.273000,15.422000,156.000000,2.190000,5.290000,-10.550000,-10.550000,-1.550000,-1.550000,3.740000,3.740000,2.410000 
Sr-Te-Zn-O,4.371000,4.371000,14.736000,156.000000,36.990000,29.090000,14.110000,14.110000,3.950000,3.950000,33.040000,33.040000,0.790000 
Sr-Te-Zn-Se,4.313000,4.313000,15.137000,156.000000,14.300000,27.750000,-39.530000,-39.530000,-6.720000,-6.720000,21.030000,21.030000,1.940000 
Sr-Te-Zn-S,4.880000,4.880000,11.826000,156.000000,22.550000,18.440000,7.470000,7.470000,2.060000,2.060000,20.500000,20.500000,0.820000 
Zn-O-Ba-Se,4.591000,4.591000,13.360000,156.000000,26.490000,20.830000,10.100000,10.100000,2.830000,2.830000,23.660000,23.660000,0.790000 
Zn-O-Ba-S,3.711000,3.711000,20.447000,156.000000,22.450000,32.600000,-24.880000,-24.880000,-5.070000,-5.070000,27.520000,27.520000,1.450000 
Zn-O-Ba-Te,3.535000,3.535000,22.538000,156.000000,58.790000,28.290000,45.180000,45.180000,15.250000,15.250000,43.540000,43.540000,0.480000 
Zn-O-Be-Se,3.543000,3.543000,22.426000,156.000000,115.470000,35.270000,104.690000,104.690000,40.100000,40.100000,75.370000,75.370000,0.310000 
Zn-O-Be-S,3.451000,3.451000,23.640000,156.000000,136.010000,51.650000,116.400000,116.400000,42.180000,42.180000,93.830000,93.830000,0.380000 
Zn-O-Be-Te,3.647000,3.647000,21.176000,156.000000,88.590000,21.720000,83.270000,83.270000,33.430000,33.430000,55.160000,55.160000,0.250000 
Zn-O-Cd-Se,3.593000,3.593000,21.816000,156.000000,24.290000,23.540000,1.470000,1.470000,0.370000,0.370000,23.920000,23.920000,0.970000 
Zn-O-Cd-S,3.608000,3.608000,21.634000,156.000000,45.440000,25.150000,31.520000,31.520000,10.150000,10.150000,35.290000,35.290000,0.550000 
Zn-O-Cd-Te,3.422000,3.422000,24.048000,156.000000,-7.390000,0.750000,-7.320000,-7.320000,-4.070000,-4.070000,-3.320000,-3.320000,-0.100000 
Zn-O-Mg-Se,3.916000,3.916000,18.363000,156.000000,-0.580000,64.850000,7284.860000,7284.860000,-32.720000,-32.720000,32.140000,32.140000,-112.340000 
Zn-O-Mg-S,3.777000,3.777000,19.743000,156.000000,-17.810000,9.070000,-13.190000,-13.190000,-13.440000,-13.440000,-4.370000,-4.370000,-0.510000 
Zn-O-Mg-Te,3.429000,3.429000,23.944000,156.000000,61.680000,29.100000,47.950000,47.950000,16.290000,16.290000,45.390000,45.390000,0.470000 
Zn-O-Sr-Se,3.643000,3.643000,21.212000,156.000000,33.680000,19.500000,22.390000,22.390000,7.090000,7.090000,26.590000,26.590000,0.580000 
Zn-O-Sr-S,3.677000,3.677000,20.830000,156.000000,32.500000,41.190000,-19.690000,-19.690000,-4.340000,-4.340000,36.840000,36.840000,1.270000 
Zn-O-Sr-Te,4.366000,4.366000,14.769000,156.000000,15.900000,12.600000,5.920000,5.920000,1.650000,1.650000,14.250000,14.250000,0.790000 
Zn-S-Ba-O,4.079000,4.079000,16.927000,156.000000,68.680000,45.680000,38.300000,38.300000,11.500000,11.500000,57.180000,57.180000,0.670000 
Zn-S-Ba-Se,4.172000,4.172000,16.175000,156.000000,29.720000,26.220000,6.590000,6.590000,1.750000,1.750000,27.970000,27.970000,0.880000 
Zn-S-Ba-Te,5.243000,5.243000,10.245000,156.000000,19.030000,16.000000,5.580000,5.580000,1.520000,1.520000,17.520000,17.520000,0.840000 
Zn-S-Be-O,3.430000,3.430000,23.939000,156.000000,-71.570000,121.610000,135.090000,135.090000,-96.590000,-96.590000,25.020000,25.020000,-1.700000 
Zn-S-Be-Se,3.766000,3.766000,19.856000,156.000000,109.680000,43.350000,92.550000,92.550000,33.160000,33.160000,76.520000,76.520000,0.400000 
Zn-S-Be-Te,3.933000,3.933000,18.205000,156.000000,105.270000,41.300000,89.070000,89.070000,31.980000,31.980000,73.290000,73.290000,0.390000 
Zn-S-Cd-O,3.792000,3.792000,19.581000,156.000000,102.470000,54.220000,73.780000,73.780000,24.120000,24.120000,78.350000,78.350000,0.530000 
Zn-S-Cd-Se,4.057000,4.057000,17.111000,156.000000,62.730000,35.280000,42.890000,42.890000,13.720000,13.720000,49.010000,49.010000,0.560000 
Zn-S-Cd-Te,4.121000,4.121000,16.582000,156.000000,34.820000,12.870000,30.060000,30.060000,10.970000,10.970000,23.850000,23.850000,0.370000 
Zn-Se-Ba-O,4.191000,4.191000,16.034000,156.000000,57.510000,42.050000,26.750000,26.750000,7.730000,7.730000,49.780000,49.780000,0.730000 
Zn-Se-Ba-S,4.371000,4.371000,14.739000,156.000000,3.320000,-5.510000,-5.800000,-5.800000,4.420000,4.420000,-1.090000,-1.090000,-1.660000 
Zn-Se-Ba-Te,5.383000,5.383000,9.718000,156.000000,16.810000,14.170000,4.860000,4.860000,1.320000,1.320000,15.490000,15.490000,0.840000 
Zn-Se-Be-O,4.084000,4.084000,16.880000,156.000000,-127.580000,-13.490000,-126.150000,-126.150000,-57.040000,-57.040000,-70.530000,-70.530000,0.110000 
Zn-Se-Be-S,3.703000,3.703000,20.534000,156.000000,84.770000,27.260000,76.000000,76.000000,28.750000,28.750000,56.010000,56.010000,0.320000 
Zn-Se-Be-Te,4.026000,4.026000,17.374000,156.000000,92.800000,34.650000,79.860000,79.860000,29.080000,29.080000,63.730000,63.730000,0.370000 
Zn-Se-Cd-O,3.833000,3.833000,19.170000,156.000000,83.630000,42.830000,61.690000,61.690000,20.400000,20.400000,63.230000,63.230000,0.510000 
Zn-Se-Cd-S,4.136000,4.136000,16.461000,156.000000,72.560000,33.440000,57.150000,57.150000,19.560000,19.560000,53.000000,53.000000,0.460000 
Zn-Se-Cd-Te,4.288000,4.288000,15.311000,156.000000,27.980000,28.680000,-1.430000,-1.430000,-0.350000,-0.350000,28.330000,28.330000,1.030000 
Zn-Se-Mg-O,3.801000,3.801000,19.491000,156.000000,68.520000,32.120000,53.470000,53.470000,18.200000,18.200000,50.320000,50.320000,0.470000 
Zn-Se-Mg-S,4.065000,4.065000,17.039000,156.000000,87.020000,46.920000,61.720000,61.720000,20.050000,20.050000,66.970000,66.970000,0.540000 
Zn-Se-Mg-Te,4.257000,4.257000,15.542000,156.000000,20.300000,36.340000,-44.770000,-44.770000,-8.020000,-8.020000,28.320000,28.320000,1.790000 
Zn-Se-Sr-O,4.048000,4.048000,17.184000,156.000000,95.380000,68.100000,46.770000,46.770000,13.640000,13.640000,81.740000,81.740000,0.710000 
Zn-Se-Sr-S,4.323000,4.323000,15.065000,156.000000,42.530000,38.230000,8.170000,8.170000,2.150000,2.150000,40.380000,40.380000,0.900000 
Zn-Se-Sr-Te,4.317000,4.317000,15.106000,156.000000,14.020000,27.150000,-38.540000,-38.540000,-6.560000,-6.560000,20.580000,20.580000,1.940000 
Zn-S-Mg-O,3.615000,3.615000,21.546000,156.000000,89.330000,28.800000,80.040000,80.040000,30.260000,30.260000,59.060000,59.060000,0.320000 
Zn-S-Mg-Se,4.032000,4.032000,17.321000,156.000000,65.810000,27.420000,54.390000,54.390000,19.190000,19.190000,46.620000,46.620000,0.420000 
Zn-S-Mg-Te,4.082000,4.082000,16.902000,156.000000,10.940000,44.040000,-166.330000,-166.330000,-16.550000,-16.550000,27.490000,27.490000,4.030000 
Zn-S-Sr-O,3.964000,3.964000,17.921000,156.000000,97.880000,61.330000,59.460000,59.460000,18.280000,18.280000,79.600000,79.600000,0.630000 
Zn-S-Sr-Se,4.133000,4.133000,16.487000,156.000000,41.320000,44.060000,-5.670000,-5.670000,-1.370000,-1.370000,42.690000,42.690000,1.070000 
Zn-S-Sr-Te,4.875000,4.875000,11.849000,156.000000,22.720000,18.640000,7.420000,7.420000,2.040000,2.040000,20.680000,20.680000,0.820000 
Zn-Te-Ba-O,4.331000,4.331000,15.013000,156.000000,62.140000,34.090000,43.440000,43.440000,14.020000,14.020000,48.120000,48.120000,0.550000 
Zn-Te-Ba-Se,4.646000,4.646000,13.043000,156.000000,1.150000,-5.400000,-24.280000,-24.280000,3.270000,3.270000,-2.130000,-2.130000,-4.710000 
Zn-Te-Ba-S,4.623000,4.623000,13.175000,156.000000,10.860000,-4.650000,8.860000,8.860000,7.750000,7.750000,3.100000,3.100000,-0.430000 
Zn-Te-Be-O,3.251000,3.251000,26.649000,156.000000,-46.710000,123.640000,280.580000,280.580000,-85.180000,-85.180000,38.470000,38.470000,-2.650000 
Zn-Te-Be-Se,3.924000,3.924000,18.282000,156.000000,-2.810000,6.520000,12.330000,12.330000,-4.670000,-4.670000,1.860000,1.860000,-2.320000 
Zn-Te-Be-S,3.512000,3.512000,22.824000,156.000000,45.030000,19.340000,36.730000,36.730000,12.850000,12.850000,32.190000,32.190000,0.430000 
Zn-Te-Cd-O,3.893000,3.893000,18.575000,156.000000,35.130000,33.270000,3.620000,3.620000,0.930000,0.930000,34.200000,34.200000,0.950000 
Zn-Te-Cd-Se,4.354000,4.354000,14.853000,156.000000,60.830000,25.240000,50.360000,50.360000,17.800000,17.800000,43.030000,43.030000,0.410000 
Zn-Te-Cd-S,4.275000,4.275000,15.405000,156.000000,71.100000,32.480000,56.270000,56.270000,19.310000,19.310000,51.790000,51.790000,0.460000 
Zn-Te-Mg-O,3.645000,3.645000,21.192000,156.000000,-34.630000,-45.690000,25.630000,25.630000,5.530000,5.530000,-40.160000,-40.160000,1.320000 
Zn-Te-Mg-Se,4.318000,4.318000,15.102000,156.000000,69.300000,33.460000,53.140000,53.140000,17.920000,17.920000,51.380000,51.380000,0.480000 
Zn-Te-Mg-S,4.195000,4.195000,16.000000,156.000000,72.300000,51.810000,35.170000,35.170000,10.240000,10.240000,62.050000,62.050000,0.720000 
Zn-Te-Sr-O,4.160000,4.160000,16.269000,156.000000,63.060000,32.610000,46.200000,46.200000,15.230000,15.230000,47.840000,47.840000,0.520000 
Zn-Te-Sr-Se,4.593000,4.593000,13.346000,156.000000,29.160000,19.620000,15.970000,15.970000,4.770000,4.770000,24.390000,24.390000,0.670000 
Zn-Te-Sr-S,4.575000,4.575000,13.452000,156.000000,44.240000,33.900000,18.270000,18.270000,5.170000,5.170000,39.070000,39.070000,0.770000 
