Material,a,b,c,SG,C11,C12,Y_2D_a,Y_2D_b,G_a,G_b,B_a,B_b,V_a,V_b
Ba-O-Be-Se,7.812000,7.812000,18.457000,1.000000,0.920000,-80.250000,-7020.220000,-7020.220000,40.580000,40.580000,-39.670000,-39.670000,-87.490000 
Ba-O-Be-S,7.513000,7.513000,19.953000,1.000000,-82.110000,-99.490000,38.430000,38.430000,8.690000,8.690000,-90.800000,-90.800000,1.210000 
Ba-O-Be-Te,8.271000,8.271000,16.465000,1.000000,9.060000,2.480000,8.380000,8.380000,3.290000,3.290000,5.770000,5.770000,0.270000 
Ba-O-Cd-Se,8.663000,8.663000,15.006000,1.000000,17.790000,16.230000,2.990000,2.990000,0.780000,0.780000,17.010000,17.010000,0.910000 
Ba-O-Cd-S,8.531000,8.531000,15.476000,1.000000,28.880000,27.120000,3.400000,3.400000,0.880000,0.880000,28.000000,28.000000,0.940000 
Ba-O-Cd-Te,8.825000,8.825000,14.463000,1.000000,-16.350000,-27.210000,28.930000,28.930000,5.430000,5.430000,-21.780000,-21.780000,1.660000 
Ba-O-Mg-S,8.373000,8.373000,16.067000,1.000000,2.030000,-0.780000,1.730000,1.730000,1.410000,1.410000,0.630000,0.630000,-0.380000 
Ba-O-Mg-Te,8.763000,8.763000,14.668000,1.000000,-35.400000,-28.120000,-13.060000,-13.060000,-3.640000,-3.640000,-31.760000,-31.760000,0.790000 
Ba-O-Sr-Se,8.754000,8.754000,14.697000,1.000000,-28.510000,3.660000,-28.040000,-28.040000,-16.080000,-16.080000,-12.430000,-12.430000,-0.130000 
Ba-O-Sr-S,8.742000,8.742000,14.737000,1.000000,-31.650000,-23.860000,-13.670000,-13.670000,-3.900000,-3.900000,-27.760000,-27.760000,0.750000 
Ba-O-Sr-Te,8.910000,8.910000,14.187000,1.000000,35.290000,39.660000,-9.270000,-9.270000,-2.180000,-2.180000,37.480000,37.480000,1.120000 
Ba-O-Zn-Se,8.383000,8.383000,16.029000,1.000000,40.270000,20.600000,29.730000,29.730000,9.840000,9.840000,30.430000,30.430000,0.510000 
Ba-O-Zn-S,8.144000,8.144000,16.981000,1.000000,-13.220000,20.750000,19.330000,19.330000,-16.980000,-16.980000,3.760000,3.760000,-1.570000 
Ba-S-Be-Se,7.925000,7.925000,17.932000,1.000000,-3.140000,-0.840000,-2.910000,-2.910000,-1.150000,-1.150000,-1.990000,-1.990000,0.270000 
Ba-S-Be-Te,8.555000,8.555000,15.388000,1.000000,-6.830000,-3.670000,-4.860000,-4.860000,-1.580000,-1.580000,-5.250000,-5.250000,0.540000 
Ba-S-Cd-O,7.866000,7.866000,18.201000,1.000000,-22.140000,2.300000,-21.900000,-21.900000,-12.220000,-12.220000,-9.920000,-9.920000,-0.100000 
Ba-S-Cd-Se,9.202000,9.202000,13.301000,1.000000,41.790000,11.820000,38.450000,38.450000,14.990000,14.990000,26.810000,26.810000,0.280000 
Ba-Se-Be-O,6.728000,6.728000,24.880000,1.000000,5.830000,-44.300000,-330.520000,-330.520000,25.070000,25.070000,-19.230000,-19.230000,-7.590000 
Ba-Se-Be-S,7.574000,7.574000,19.633000,1.000000,-40.500000,-38.430000,-4.030000,-4.030000,-1.030000,-1.030000,-39.470000,-39.470000,0.950000 
Ba-Se-Be-Te,8.543000,8.543000,15.431000,1.000000,33.030000,13.890000,27.200000,27.200000,9.570000,9.570000,23.460000,23.460000,0.420000 
Ba-Se-Cd-O,7.890000,7.890000,18.094000,1.000000,-46.160000,-13.330000,-42.320000,-42.320000,-16.420000,-16.420000,-29.740000,-29.740000,0.290000 
Ba-Se-Cd-S,8.890000,8.890000,14.253000,1.000000,44.240000,8.010000,42.790000,42.790000,18.110000,18.110000,26.130000,26.130000,0.180000 
Ba-Se-Cd-Te,9.702000,9.702000,11.965000,1.000000,10.400000,21.550000,-34.270000,-34.270000,-5.580000,-5.580000,15.970000,15.970000,2.070000 
Ba-Se-Mg-S,8.586000,8.586000,15.279000,1.000000,-36.870000,-44.290000,16.320000,16.320000,3.710000,3.710000,-40.580000,-40.580000,1.200000 
Ba-Se-Mg-Te,9.612000,9.612000,12.191000,1.000000,24.300000,1.700000,24.180000,24.180000,11.300000,11.300000,13.000000,13.000000,0.070000 
Ba-Se-Sr-O,8.433000,8.433000,15.836000,1.000000,17.920000,23.860000,-13.870000,-13.870000,-2.970000,-2.970000,20.890000,20.890000,1.330000 
Ba-Se-Sr-S,9.850000,9.850000,11.610000,1.000000,-10.380000,-4.770000,-8.190000,-8.190000,-2.810000,-2.810000,-7.570000,-7.570000,0.460000 
Ba-Se-Zn-O,9.168000,9.168000,13.400000,1.000000,11.260000,12.220000,-2.000000,-2.000000,-0.480000,-0.480000,11.740000,11.740000,1.090000 
Ba-Se-Zn-Te,9.276000,9.276000,13.089000,1.000000,-18.790000,28.540000,24.580000,24.580000,-23.670000,-23.670000,4.880000,4.880000,-1.520000 
Ba-S-Mg-O,7.427000,7.427000,20.419000,1.000000,-56.020000,17.430000,-50.600000,-50.600000,-36.730000,-36.730000,-19.290000,-19.290000,-0.310000 
Ba-S-Mg-Te,9.559000,9.559000,12.327000,1.000000,3.170000,-43.270000,-588.080000,-588.080000,23.220000,23.220000,-20.050000,-20.050000,-13.660000 
Ba-S-Sr-O,8.364000,8.364000,16.101000,1.000000,-2.000000,-26.150000,339.450000,339.450000,12.080000,12.080000,-14.080000,-14.080000,13.060000 
Ba-S-Sr-Te,10.106000,10.106000,11.027000,1.000000,2.510000,2.020000,0.880000,0.880000,0.240000,0.240000,2.270000,2.270000,0.810000 
Ba-S-Zn-O,7.430000,7.430000,20.402000,1.000000,-15.110000,4.990000,-13.460000,-13.460000,-10.050000,-10.050000,-5.060000,-5.060000,-0.330000 
Ba-S-Zn-Te,9.230000,9.230000,13.220000,1.000000,21.890000,19.980000,3.660000,3.660000,0.960000,0.960000,20.940000,20.940000,0.910000 
Ba-Te-Be-O,8.878000,8.878000,14.291000,1.000000,19.050000,41.290000,-70.470000,-70.470000,-11.120000,-11.120000,30.170000,30.170000,2.170000 
Ba-Te-Be-Se,7.777000,7.777000,18.623000,1.000000,-18.600000,-16.950000,-3.150000,-3.150000,-0.820000,-0.820000,-17.780000,-17.780000,0.910000 
Ba-Te-Be-S,8.711000,8.711000,14.843000,1.000000,-27.550000,-10.500000,-23.540000,-23.540000,-8.520000,-8.520000,-19.020000,-19.020000,0.380000 
Ba-Te-Cd-O,7.982000,7.982000,17.678000,1.000000,-50.190000,-45.750000,-8.490000,-8.490000,-2.220000,-2.220000,-47.970000,-47.970000,0.910000 
Ba-Te-Cd-S,10.413000,10.413000,10.388000,1.000000,9.350000,7.060000,4.020000,4.020000,1.140000,1.140000,8.200000,8.200000,0.760000 
Ba-Te-Mg-O,7.121000,7.121000,22.214000,1.000000,36.250000,51.130000,-35.880000,-35.880000,-7.440000,-7.440000,43.690000,43.690000,1.410000 
Ba-Te-Mg-S,8.614000,8.614000,15.181000,1.000000,-20.790000,-8.800000,-17.070000,-17.070000,-5.990000,-5.990000,-14.800000,-14.800000,0.420000 
Ba-Te-Sr-O,8.592000,8.592000,15.258000,1.000000,41.250000,42.120000,-1.750000,-1.750000,-0.430000,-0.430000,41.690000,41.690000,1.020000 
Ba-Te-Zn-O,7.794000,7.794000,18.543000,1.000000,-95.970000,-27.690000,-87.990000,-87.990000,-34.140000,-34.140000,-61.830000,-61.830000,0.290000 
Be-O-Ba-S,7.021000,7.021000,22.846000,1.000000,-44.170000,-3.620000,-43.870000,-43.870000,-20.280000,-20.280000,-23.890000,-23.890000,0.080000 
Be-O-Ba-Te,6.736000,6.736000,24.824000,1.000000,61.940000,36.680000,40.220000,40.220000,12.630000,12.630000,49.310000,49.310000,0.590000 
Be-O-Cd-Se,6.524000,6.524000,26.460000,1.000000,-23.440000,41.610000,50.440000,50.440000,-32.520000,-32.520000,9.090000,9.090000,-1.780000 
Be-O-Cd-S,6.693000,6.693000,25.144000,1.000000,-13.530000,96.720000,677.960000,677.960000,-55.130000,-55.130000,41.600000,41.600000,-7.150000 
Be-O-Mg-Se,6.556000,6.556000,26.207000,1.000000,88.500000,37.340000,72.740000,72.740000,25.580000,25.580000,62.920000,62.920000,0.420000 
Be-O-Mg-S,7.393000,7.393000,20.606000,1.000000,-34.530000,-17.720000,-25.440000,-25.440000,-8.410000,-8.410000,-26.130000,-26.130000,0.510000 
Be-O-Mg-Te,6.519000,6.519000,26.504000,1.000000,-51.950000,13.970000,-48.190000,-48.190000,-32.960000,-32.960000,-18.990000,-18.990000,-0.270000 
Be-O-Sr-Se,6.680000,6.680000,25.241000,1.000000,-32.480000,43.190000,24.950000,24.950000,-37.840000,-37.840000,5.350000,5.350000,-1.330000 
Be-O-Sr-Te,6.715000,6.715000,24.981000,1.000000,-27.040000,114.000000,453.630000,453.630000,-70.520000,-70.520000,43.480000,43.480000,-4.220000 
Be-O-Zn-S,7.150000,7.150000,22.034000,1.000000,-14.530000,218.880000,3282.960000,3282.960000,-116.700000,-116.700000,102.170000,102.170000,-15.070000 
Be-O-Zn-Te,7.968000,7.968000,17.740000,1.000000,18.400000,-28.120000,-24.590000,-24.590000,23.260000,23.260000,-4.860000,-4.860000,-1.530000 
Be-S-Ba-O,7.513000,7.513000,19.953000,1.000000,-54.840000,-99.820000,126.830000,126.830000,22.490000,22.490000,-77.330000,-77.330000,1.820000 
Be-S-Ba-Se,7.589000,7.589000,19.556000,1.000000,20.520000,-5.020000,19.300000,19.300000,12.770000,12.770000,7.750000,7.750000,-0.240000 
Be-S-Ba-Te,8.531000,8.531000,15.477000,1.000000,22.700000,38.400000,-42.270000,-42.270000,-7.850000,-7.850000,30.550000,30.550000,1.690000 
Be-S-Cd-O,7.237000,7.237000,21.504000,1.000000,17.390000,1.890000,17.180000,17.180000,7.750000,7.750000,9.640000,9.640000,0.110000 
Be-Se-Ba-O,7.811000,7.811000,18.461000,1.000000,-36.030000,-24.790000,-18.970000,-18.970000,-5.620000,-5.620000,-30.410000,-30.410000,0.690000 
Be-Se-Ba-S,7.925000,7.925000,17.935000,1.000000,1.600000,1.130000,0.810000,0.810000,0.240000,0.240000,1.370000,1.370000,0.700000 
Be-Se-Ba-Te,7.777000,7.777000,18.623000,1.000000,-18.070000,-16.910000,-2.240000,-2.240000,-0.580000,-0.580000,-17.490000,-17.490000,0.940000 
Be-Se-Cd-O,7.375000,7.375000,20.705000,1.000000,53.000000,28.520000,37.660000,37.660000,12.240000,12.240000,40.760000,40.760000,0.540000 
Be-Se-Cd-S,7.777000,7.777000,18.622000,1.000000,58.270000,13.540000,55.120000,55.120000,22.360000,22.360000,35.910000,35.910000,0.230000 
Be-Se-Cd-Te,7.417000,7.417000,20.474000,1.000000,23.200000,-5.410000,21.940000,21.940000,14.310000,14.310000,8.900000,8.900000,-0.230000 
Be-Se-Mg-O,7.097000,7.097000,22.363000,1.000000,38.730000,1.470000,38.670000,38.670000,18.630000,18.630000,20.100000,20.100000,0.040000 
Be-Se-Mg-S,7.724000,7.724000,18.877000,1.000000,28.690000,20.490000,14.050000,14.050000,4.100000,4.100000,24.590000,24.590000,0.710000 
Be-Se-Mg-Te,7.550000,7.550000,19.761000,1.000000,49.070000,15.520000,44.170000,44.170000,16.780000,16.780000,32.300000,32.300000,0.320000 
Be-Se-Sr-O,7.767000,7.767000,18.669000,1.000000,57.010000,13.760000,53.690000,53.690000,21.620000,21.620000,35.390000,35.390000,0.240000 
Be-Se-Sr-S,7.914000,7.914000,17.982000,1.000000,-50.030000,1.970000,-49.950000,-49.950000,-26.000000,-26.000000,-24.030000,-24.030000,-0.040000 
Be-Se-Sr-Te,7.791000,7.791000,18.555000,1.000000,-45.950000,-23.650000,-33.770000,-33.770000,-11.150000,-11.150000,-34.800000,-34.800000,0.510000 
Be-Se-Zn-O,7.085000,7.085000,22.436000,1.000000,-55.620000,-80.340000,60.410000,60.410000,12.360000,12.360000,-67.980000,-67.980000,1.440000 
Be-Se-Zn-S,7.523000,7.523000,19.899000,1.000000,42.900000,8.100000,41.370000,41.370000,17.400000,17.400000,25.500000,25.500000,0.190000 
Be-Se-Zn-Te,7.789000,7.789000,18.565000,1.000000,30.210000,18.210000,19.230000,19.230000,6.000000,6.000000,24.210000,24.210000,0.600000 
Be-S-Mg-O,6.907000,6.907000,23.610000,1.000000,87.190000,53.500000,54.360000,54.360000,16.840000,16.840000,70.340000,70.340000,0.610000 
Be-S-Mg-Se,7.478000,7.478000,20.143000,1.000000,-63.540000,-40.090000,-38.240000,-38.240000,-11.720000,-11.720000,-51.810000,-51.810000,0.630000 
Be-S-Mg-Te,6.843000,6.843000,24.052000,1.000000,72.700000,6.950000,72.040000,72.040000,32.870000,32.870000,39.830000,39.830000,0.100000 
Be-S-Sr-O,7.622000,7.622000,19.386000,1.000000,7.950000,-0.800000,7.870000,7.870000,4.370000,4.370000,3.580000,3.580000,-0.100000 
Be-S-Sr-Se,7.481000,7.481000,20.123000,1.000000,-49.370000,-31.680000,-29.040000,-29.040000,-8.840000,-8.840000,-40.520000,-40.520000,0.640000 
Be-S-Sr-Te,7.120000,7.120000,22.218000,1.000000,30.240000,5.170000,29.360000,29.360000,12.540000,12.540000,17.710000,17.710000,0.170000 
Be-S-Zn-O,6.915000,6.915000,23.555000,1.000000,54.600000,15.650000,50.120000,50.120000,19.480000,19.480000,35.130000,35.130000,0.290000 
Be-S-Zn-Se,7.410000,7.410000,20.510000,1.000000,-29.450000,-41.010000,27.670000,27.670000,5.780000,5.780000,-35.230000,-35.230000,1.390000 
Be-S-Zn-Te,7.052000,7.052000,22.649000,1.000000,17.440000,-10.850000,10.690000,10.690000,14.150000,14.150000,3.300000,3.300000,-0.620000 
Be-Te-Ba-O,8.270000,8.270000,16.467000,1.000000,18.520000,-7.820000,15.210000,15.210000,13.170000,13.170000,5.350000,5.350000,-0.420000 
Be-Te-Ba-Se,8.544000,8.544000,15.430000,1.000000,-44.020000,-31.240000,-21.840000,-21.840000,-6.390000,-6.390000,-37.630000,-37.630000,0.710000 
Be-Te-Ba-S,8.554000,8.554000,15.393000,1.000000,1.810000,4.050000,-7.220000,-7.220000,-1.120000,-1.120000,2.930000,2.930000,2.230000 
Be-Te-Cd-O,7.654000,7.654000,19.226000,1.000000,-11.630000,-20.440000,24.300000,24.300000,4.410000,4.410000,-16.040000,-16.040000,1.760000 
Be-Te-Cd-Se,8.309000,8.309000,16.313000,1.000000,19.030000,8.510000,15.230000,15.230000,5.260000,5.260000,13.770000,13.770000,0.450000 
Be-Te-Cd-S,8.194000,8.194000,16.776000,1.000000,27.290000,-5.700000,26.100000,26.100000,16.500000,16.500000,10.800000,10.800000,-0.210000 
Be-Te-Mg-O,7.326000,7.326000,20.988000,1.000000,-0.260000,4.480000,77.010000,77.010000,-2.370000,-2.370000,2.110000,2.110000,-17.260000 
Be-Te-Mg-Se,8.254000,8.254000,16.533000,1.000000,12.900000,0.340000,12.890000,12.890000,6.280000,6.280000,6.620000,6.620000,0.030000 
Be-Te-Mg-S,8.082000,8.082000,17.245000,1.000000,50.850000,26.000000,37.550000,37.550000,12.420000,12.420000,38.430000,38.430000,0.510000 
Be-Te-Sr-O,8.050000,8.050000,17.380000,1.000000,78.980000,44.210000,54.240000,54.240000,17.390000,17.390000,61.590000,61.590000,0.560000 
Be-Te-Sr-Se,8.509000,8.509000,15.557000,1.000000,-20.650000,22.930000,4.810000,4.810000,-21.790000,-21.790000,1.140000,1.140000,-1.110000 
Be-Te-Sr-S,8.522000,8.522000,15.509000,1.000000,77.510000,-32.770000,63.650000,63.650000,55.140000,55.140000,22.370000,22.370000,-0.420000 
Be-Te-Zn-O,7.304000,7.304000,21.113000,1.000000,-121.740000,-118.550000,-6.290000,-6.290000,-1.590000,-1.590000,-120.150000,-120.150000,0.970000 
Be-Te-Zn-Se,8.044000,8.044000,17.405000,1.000000,63.820000,-16.370000,59.620000,59.620000,40.090000,40.090000,23.730000,23.730000,-0.260000 
Be-Te-Zn-S,7.874000,7.874000,18.168000,1.000000,37.800000,28.490000,16.330000,16.330000,4.650000,4.650000,33.150000,33.150000,0.750000 
Cd-O-Ba-Se,7.896000,7.896000,18.067000,1.000000,-0.480000,-2.070000,8.470000,8.470000,0.800000,0.800000,-1.270000,-1.270000,4.330000 
Cd-O-Ba-S,7.867000,7.867000,18.199000,1.000000,3.980000,14.330000,-47.660000,-47.660000,-5.180000,-5.180000,9.150000,9.150000,3.600000 
Cd-O-Ba-Te,7.983000,7.983000,17.673000,1.000000,-7.450000,1.540000,-7.130000,-7.130000,-4.500000,-4.500000,-2.950000,-2.950000,-0.210000 
Cd-O-Be-Se,7.376000,7.376000,20.701000,1.000000,89.650000,43.230000,68.810000,68.810000,23.210000,23.210000,66.440000,66.440000,0.480000 
Cd-O-Be-S,7.222000,7.222000,21.597000,1.000000,42.470000,23.790000,29.150000,29.150000,9.340000,9.340000,33.130000,33.130000,0.560000 
Cd-O-Be-Te,7.654000,7.654000,19.224000,1.000000,20.170000,18.330000,3.510000,3.510000,0.920000,0.920000,19.250000,19.250000,0.910000 
Cd-O-Mg-Se,7.758000,7.758000,18.714000,1.000000,-51.030000,-4.000000,-50.720000,-50.720000,-23.520000,-23.520000,-27.510000,-27.510000,0.080000 
Cd-O-Mg-S,7.774000,7.774000,18.636000,1.000000,35.150000,46.790000,-27.130000,-27.130000,-5.820000,-5.820000,40.970000,40.970000,1.330000 
Cd-O-Mg-Te,7.889000,7.889000,18.098000,1.000000,-10.060000,-16.920000,18.420000,18.420000,3.430000,3.430000,-13.490000,-13.490000,1.680000 
Cd-O-Sr-Se,7.891000,7.891000,18.086000,1.000000,-35.660000,-42.080000,14.000000,14.000000,3.210000,3.210000,-38.870000,-38.870000,1.180000 
Cd-O-Sr-S,7.858000,7.858000,18.239000,1.000000,-29.910000,18.500000,-18.460000,-18.460000,-24.210000,-24.210000,-5.700000,-5.700000,-0.620000 
Cd-O-Sr-Te,8.719000,8.719000,14.814000,1.000000,-4.620000,1.220000,-4.300000,-4.300000,-2.920000,-2.920000,-1.700000,-1.700000,-0.260000 
Cd-O-Zn-Se,7.665000,7.665000,19.168000,1.000000,25.930000,17.510000,14.110000,14.110000,4.210000,4.210000,21.720000,21.720000,0.680000 
Cd-O-Zn-S,7.585000,7.585000,19.576000,1.000000,54.720000,23.650000,44.500000,44.500000,15.540000,15.540000,39.180000,39.180000,0.430000 
Cd-O-Zn-Te,7.838000,7.838000,18.336000,1.000000,-26.750000,17.890000,-14.780000,-14.780000,-22.320000,-22.320000,-4.430000,-4.430000,-0.670000 
Cd-S-Ba-O,8.530000,8.530000,15.478000,1.000000,11.770000,1.820000,11.490000,11.490000,4.980000,4.980000,6.790000,6.790000,0.150000 
Cd-S-Ba-Se,8.890000,8.890000,14.251000,1.000000,-14.240000,-40.300000,99.800000,99.800000,13.030000,13.030000,-27.270000,-27.270000,2.830000 
Cd-S-Ba-Te,10.413000,10.413000,10.388000,1.000000,16.000000,12.820000,5.730000,5.730000,1.590000,1.590000,14.410000,14.410000,0.800000 
Cd-S-Be-O,6.693000,6.693000,25.146000,1.000000,-108.510000,-0.080000,-108.510000,-108.510000,-54.210000,-54.210000,-54.290000,-54.290000,0.000000 
Cd-S-Be-Se,7.777000,7.777000,18.625000,1.000000,-37.660000,-34.630000,-5.810000,-5.810000,-1.510000,-1.510000,-36.150000,-36.150000,0.920000 
Cd-S-Be-Te,8.207000,8.207000,16.723000,1.000000,10.460000,15.660000,-12.960000,-12.960000,-2.600000,-2.600000,13.060000,13.060000,1.500000 
Cd-Se-Ba-O,8.664000,8.664000,15.004000,1.000000,0.630000,-9.370000,-139.190000,-139.190000,5.000000,5.000000,-4.370000,-4.370000,-14.930000 
Cd-Se-Ba-S,9.205000,9.205000,13.292000,1.000000,-16.130000,-14.890000,-2.370000,-2.370000,-0.620000,-0.620000,-15.510000,-15.510000,0.920000 
Cd-Se-Ba-Te,9.187000,9.187000,13.344000,1.000000,8.430000,-4.050000,6.490000,6.490000,6.240000,6.240000,2.190000,2.190000,-0.480000 
Cd-Se-Be-O,6.522000,6.522000,26.476000,1.000000,-40.780000,-37.370000,-6.540000,-6.540000,-1.710000,-1.710000,-39.070000,-39.070000,0.920000 
Cd-Se-Be-S,7.061000,7.061000,22.588000,1.000000,59.200000,18.600000,53.350000,53.350000,20.300000,20.300000,38.900000,38.900000,0.310000 
Cd-Se-Be-Te,8.309000,8.309000,16.315000,1.000000,20.300000,7.250000,17.710000,17.710000,6.530000,6.530000,13.770000,13.770000,0.360000 
Cd-Se-Mg-O,7.032000,7.032000,22.777000,1.000000,32.740000,27.050000,10.390000,10.390000,2.840000,2.840000,29.900000,29.900000,0.830000 
Cd-Se-Mg-S,8.390000,8.390000,15.999000,1.000000,13.320000,39.950000,-106.520000,-106.520000,-13.320000,-13.320000,26.630000,26.630000,3.000000 
Cd-Se-Mg-Te,8.990000,8.990000,13.935000,1.000000,8.960000,7.870000,2.060000,2.060000,0.550000,0.550000,8.420000,8.420000,0.880000 
Cd-Se-Sr-O,8.288000,8.288000,16.399000,1.000000,21.830000,15.660000,10.600000,10.600000,3.090000,3.090000,18.750000,18.750000,0.720000 
Cd-Se-Sr-S,9.134000,9.134000,13.499000,1.000000,16.420000,-12.020000,7.620000,7.620000,14.220000,14.220000,2.200000,2.200000,-0.730000 
Cd-Se-Sr-Te,9.095000,9.095000,13.617000,1.000000,-9.500000,17.830000,23.950000,23.950000,-13.670000,-13.670000,4.160000,4.160000,-1.880000 
Cd-Se-Zn-O,7.178000,7.178000,21.857000,1.000000,-55.550000,-13.000000,-52.510000,-52.510000,-21.270000,-21.270000,-34.280000,-34.280000,0.230000 
Cd-Se-Zn-S,8.107000,8.107000,17.139000,1.000000,-9.380000,-29.350000,82.490000,82.490000,9.990000,9.990000,-19.360000,-19.360000,3.130000 
Cd-Se-Zn-Te,8.695000,8.695000,14.896000,1.000000,35.150000,33.510000,3.210000,3.210000,0.820000,0.820000,34.330000,34.330000,0.950000 
Cd-S-Mg-O,7.323000,7.323000,21.002000,1.000000,-127.670000,-80.040000,-77.490000,-77.490000,-23.810000,-23.810000,-103.860000,-103.860000,0.630000 
Cd-S-Mg-Se,8.510000,8.510000,15.552000,1.000000,36.260000,22.700000,22.040000,22.040000,6.780000,6.780000,29.480000,29.480000,0.630000 
Cd-S-Mg-Te,8.707000,8.707000,14.858000,1.000000,41.850000,-16.830000,35.080000,35.080000,29.340000,29.340000,12.510000,12.510000,-0.400000 
Cd-S-Sr-O,8.244000,8.244000,16.570000,1.000000,24.790000,21.870000,5.500000,5.500000,1.460000,1.460000,23.330000,23.330000,0.880000 
Cd-S-Sr-Se,8.852000,8.852000,14.373000,1.000000,16.640000,-7.620000,13.160000,13.160000,12.130000,12.130000,4.510000,4.510000,-0.460000 
Cd-S-Sr-Te,8.744000,8.744000,14.730000,1.000000,-12.000000,-7.510000,-7.300000,-7.300000,-2.240000,-2.240000,-9.760000,-9.760000,0.630000 
Cd-S-Zn-O,7.236000,7.236000,21.509000,1.000000,-97.470000,-36.360000,-83.910000,-83.910000,-30.560000,-30.560000,-66.910000,-66.910000,0.370000 
Cd-S-Zn-Se,8.280000,8.280000,16.430000,1.000000,20.230000,1.070000,20.170000,20.170000,9.580000,9.580000,10.650000,10.650000,0.050000 
Cd-S-Zn-Te,8.562000,8.562000,15.366000,1.000000,41.940000,40.010000,3.770000,3.770000,0.960000,0.960000,40.980000,40.980000,0.950000 
Cd-Te-Ba-O,8.825000,8.825000,14.461000,1.000000,20.220000,11.250000,13.960000,13.960000,4.480000,4.480000,15.740000,15.740000,0.560000 
Cd-Te-Ba-Se,9.699000,9.699000,11.972000,1.000000,-10.610000,22.570000,37.410000,37.410000,-16.590000,-16.590000,5.980000,5.980000,-2.130000 
Cd-Te-Ba-S,9.639000,9.639000,12.124000,1.000000,9.330000,15.230000,-15.540000,-15.540000,-2.950000,-2.950000,12.280000,12.280000,1.630000 
Cd-Te-Be-O,6.498000,6.498000,26.674000,1.000000,-60.440000,-53.490000,-13.100000,-13.100000,-3.470000,-3.470000,-56.970000,-56.970000,0.890000 
Cd-Te-Be-Se,7.417000,7.417000,20.473000,1.000000,49.660000,36.100000,23.420000,23.420000,6.780000,6.780000,42.880000,42.880000,0.730000 
Cd-Te-Be-S,6.717000,6.717000,24.966000,1.000000,2.740000,-9.680000,-31.460000,-31.460000,6.210000,6.210000,-3.470000,-3.470000,-3.530000 
Cd-Te-Mg-O,6.793000,6.793000,24.412000,1.000000,60.710000,15.300000,56.850000,56.850000,22.710000,22.710000,38.000000,38.000000,0.250000 
Cd-Te-Mg-Se,8.860000,8.860000,14.348000,1.000000,0.240000,17.150000,-1234.000000,-1234.000000,-8.460000,-8.460000,8.690000,8.690000,71.970000 
Cd-Te-Mg-S,8.590000,8.590000,15.266000,1.000000,-6.700000,12.310000,15.910000,15.910000,-9.500000,-9.500000,2.800000,2.800000,-1.840000 
Cd-Te-Sr-O,8.450000,8.450000,15.775000,1.000000,20.950000,9.540000,16.600000,16.600000,5.700000,5.700000,15.250000,15.250000,0.460000 
Cd-Te-Sr-Se,9.590000,9.590000,12.246000,1.000000,-0.030000,-15.840000,7703.250000,7703.250000,7.900000,7.900000,-7.930000,-7.930000,486.450000 
Cd-Te-Sr-S,9.470000,9.470000,12.560000,1.000000,12.900000,14.100000,-2.530000,-2.530000,-0.600000,-0.600000,13.500000,13.500000,1.090000 
Cd-Te-Zn-O,6.813000,6.813000,24.265000,1.000000,47.980000,0.740000,47.970000,47.970000,23.620000,23.620000,24.360000,24.360000,0.020000 
Cd-Te-Zn-Se,8.570000,8.570000,15.335000,1.000000,22.290000,18.520000,6.910000,6.910000,1.890000,1.890000,20.400000,20.400000,0.830000 
Cd-Te-Zn-S,8.243000,8.243000,16.574000,1.000000,4.280000,2.470000,2.860000,2.860000,0.910000,0.910000,3.380000,3.380000,0.580000 
Mg-O-Ba-Se,7.444000,7.444000,20.326000,1.000000,-81.210000,-55.960000,-42.640000,-42.640000,-12.620000,-12.620000,-68.590000,-68.590000,0.690000 
Mg-O-Ba-S,7.427000,7.427000,20.418000,1.000000,-76.360000,-60.000000,-29.210000,-29.210000,-8.180000,-8.180000,-68.180000,-68.180000,0.790000 
Mg-O-Ba-Te,7.121000,7.121000,22.212000,1.000000,48.440000,1.750000,48.380000,48.380000,23.340000,23.340000,25.100000,25.100000,0.040000 
Mg-O-Be-Se,7.097000,7.097000,22.362000,1.000000,73.700000,37.210000,54.920000,54.920000,18.250000,18.250000,55.450000,55.450000,0.500000 
Mg-O-Be-S,6.907000,6.907000,23.609000,1.000000,66.840000,30.000000,53.380000,53.380000,18.420000,18.420000,48.420000,48.420000,0.450000 
Mg-O-Be-Te,7.322000,7.322000,21.009000,1.000000,-108.080000,-110.570000,5.040000,5.040000,1.250000,1.250000,-109.320000,-109.320000,1.020000 
Mg-O-Cd-Se,7.040000,7.040000,22.723000,1.000000,40.370000,9.970000,37.910000,37.910000,15.200000,15.200000,25.170000,25.170000,0.250000 
Mg-O-Cd-S,7.320000,7.320000,21.021000,1.000000,-45.090000,-33.940000,-19.560000,-19.560000,-5.580000,-5.580000,-39.510000,-39.510000,0.750000 
Mg-O-Cd-Te,6.793000,6.793000,24.411000,1.000000,64.060000,27.900000,51.910000,51.910000,18.080000,18.080000,45.980000,45.980000,0.440000 
Mg-O-Sr-Se,7.415000,7.415000,20.484000,1.000000,-53.780000,-33.810000,-32.520000,-32.520000,-9.980000,-9.980000,-43.790000,-43.790000,0.630000 
Mg-O-Sr-S,7.375000,7.375000,20.707000,1.000000,-100.940000,-116.910000,34.480000,34.480000,7.990000,7.990000,-108.920000,-108.920000,1.160000 
Mg-O-Sr-Te,7.101000,7.101000,22.337000,1.000000,44.310000,74.040000,-79.410000,-79.410000,-14.870000,-14.870000,59.180000,59.180000,1.670000 
Mg-O-Zn-Se,7.606000,7.606000,19.469000,1.000000,45.340000,51.570000,-13.330000,-13.330000,-3.120000,-3.120000,48.460000,48.460000,1.140000 
Mg-O-Zn-S,7.230000,7.230000,21.549000,1.000000,-54.280000,-50.940000,-6.480000,-6.480000,-1.670000,-1.670000,-52.610000,-52.610000,0.940000 
Mg-O-Zn-Te,7.516000,7.516000,19.939000,1.000000,-98.540000,-94.730000,-7.480000,-7.480000,-1.910000,-1.910000,-96.630000,-96.630000,0.960000 
Mg-S-Ba-O,8.371000,8.371000,16.073000,1.000000,12.970000,2.280000,12.570000,12.570000,5.350000,5.350000,7.620000,7.620000,0.180000 
Mg-S-Ba-Se,8.581000,8.581000,15.295000,1.000000,-22.530000,-10.560000,-17.580000,-17.580000,-5.990000,-5.990000,-16.540000,-16.540000,0.470000 
Mg-S-Ba-Te,8.616000,8.616000,15.171000,1.000000,39.430000,34.360000,9.490000,9.490000,2.540000,2.540000,36.900000,36.900000,0.870000 
Mg-S-Be-O,7.393000,7.393000,20.606000,1.000000,-14.620000,-4.400000,-13.300000,-13.300000,-5.110000,-5.110000,-9.510000,-9.510000,0.300000 
Mg-S-Be-Se,7.724000,7.724000,18.879000,1.000000,34.740000,14.790000,28.440000,28.440000,9.970000,9.970000,24.760000,24.760000,0.430000 
Mg-S-Be-Te,8.080000,8.080000,17.250000,1.000000,17.570000,5.110000,16.090000,16.090000,6.230000,6.230000,11.340000,11.340000,0.290000 
Mg-S-Cd-O,7.774000,7.774000,18.636000,1.000000,24.590000,33.110000,-20.000000,-20.000000,-4.260000,-4.260000,28.850000,28.850000,1.350000 
Mg-S-Cd-Se,8.391000,8.391000,15.997000,1.000000,5.680000,13.410000,-25.970000,-25.970000,-3.860000,-3.860000,9.540000,9.540000,2.360000 
Mg-S-Cd-Te,8.587000,8.587000,15.274000,1.000000,2.090000,-12.740000,-75.650000,-75.650000,7.420000,7.420000,-5.330000,-5.330000,-6.100000 
Mg-Se-Ba-O,8.570000,8.570000,15.334000,1.000000,34.490000,19.810000,23.120000,23.120000,7.340000,7.340000,27.150000,27.150000,0.570000 
Mg-Se-Ba-S,8.998000,8.998000,13.912000,1.000000,11.500000,-16.530000,-12.260000,-12.260000,14.010000,14.010000,-2.520000,-2.520000,-1.440000 
Mg-Se-Ba-Te,8.993000,8.993000,13.927000,1.000000,-26.820000,-7.330000,-24.820000,-24.820000,-9.750000,-9.750000,-17.070000,-17.070000,0.270000 
Mg-Se-Be-O,6.558000,6.558000,26.189000,1.000000,-33.580000,-12.610000,-28.840000,-28.840000,-10.480000,-10.480000,-23.090000,-23.090000,0.380000 
Mg-Se-Be-S,7.470000,7.470000,20.183000,1.000000,33.180000,-21.730000,18.950000,18.950000,27.460000,27.460000,5.730000,5.730000,-0.650000 
Mg-Se-Be-Te,8.253000,8.253000,16.535000,1.000000,26.830000,26.370000,0.930000,0.930000,0.230000,0.230000,26.600000,26.600000,0.980000 
Mg-Se-Cd-O,7.758000,7.758000,18.715000,1.000000,-26.750000,37.100000,24.710000,24.710000,-31.920000,-31.920000,5.180000,5.180000,-1.390000 
Mg-Se-Cd-S,8.509000,8.509000,15.557000,1.000000,24.460000,36.900000,-31.210000,-31.210000,-6.220000,-6.220000,30.680000,30.680000,1.510000 
Mg-Se-Cd-Te,8.859000,8.859000,14.351000,1.000000,-0.580000,21.280000,775.980000,775.980000,-10.930000,-10.930000,10.350000,10.350000,-36.490000 
Mg-Se-Sr-O,8.254000,8.254000,16.531000,1.000000,22.910000,29.970000,-16.280000,-16.280000,-3.530000,-3.530000,26.440000,26.440000,1.310000 
Mg-Se-Sr-S,9.023000,9.023000,13.835000,1.000000,-8.930000,60.340000,398.920000,398.920000,-34.630000,-34.630000,25.710000,25.710000,-6.760000 
Mg-Se-Sr-Te,8.933000,8.933000,14.114000,1.000000,4.680000,-1.560000,4.160000,4.160000,3.120000,3.120000,1.560000,1.560000,-0.330000 
Mg-Se-Zn-O,7.829000,7.829000,18.375000,1.000000,-14.510000,-33.230000,61.590000,61.590000,9.360000,9.360000,-23.870000,-23.870000,2.290000 
Mg-Se-Zn-S,8.051000,8.051000,17.377000,1.000000,-24.500000,34.140000,23.100000,23.100000,-29.320000,-29.320000,4.820000,4.820000,-1.390000 
Mg-Se-Zn-Te,8.627000,8.627000,15.132000,1.000000,51.870000,-9.110000,50.270000,50.270000,30.490000,30.490000,21.380000,21.380000,-0.180000 
Mg-S-Sr-O,8.119000,8.119000,17.087000,1.000000,37.250000,33.740000,6.700000,6.700000,1.760000,1.760000,35.490000,35.490000,0.910000 
Mg-S-Sr-Se,8.586000,8.586000,15.280000,1.000000,-14.620000,-17.140000,5.460000,5.460000,1.260000,1.260000,-15.880000,-15.880000,1.170000 
Mg-S-Sr-Te,8.528000,8.528000,15.486000,1.000000,-50.470000,25.100000,-37.980000,-37.980000,-37.790000,-37.790000,-12.680000,-12.680000,-0.500000 
Mg-S-Zn-O,7.553000,7.553000,19.745000,1.000000,21.970000,1.730000,21.840000,21.840000,10.120000,10.120000,11.850000,11.850000,0.080000 
Mg-S-Zn-Se,8.127000,8.127000,17.051000,1.000000,27.220000,56.810000,-91.340000,-91.340000,-14.790000,-14.790000,42.010000,42.010000,2.090000 
Mg-S-Zn-Te,8.389000,8.389000,16.006000,1.000000,15.740000,6.170000,13.320000,13.320000,4.780000,4.780000,10.960000,10.960000,0.390000 
Mg-Te-Ba-O,8.765000,8.765000,14.662000,1.000000,-23.790000,-19.730000,-7.420000,-7.420000,-2.030000,-2.030000,-21.760000,-21.760000,0.830000 
Mg-Te-Ba-Se,9.609000,9.609000,12.197000,1.000000,6.260000,8.750000,-5.980000,-5.980000,-1.250000,-1.250000,7.500000,7.500000,1.400000 
Mg-Te-Ba-S,9.561000,9.561000,12.321000,1.000000,-13.830000,-25.140000,31.890000,31.890000,5.660000,5.660000,-19.480000,-19.480000,1.820000 
Mg-Te-Be-O,6.487000,6.487000,26.768000,1.000000,-32.540000,15.520000,-25.130000,-25.130000,-24.030000,-24.030000,-8.510000,-8.510000,-0.480000 
Mg-Te-Be-Se,7.550000,7.550000,19.759000,1.000000,-11.610000,-43.740000,153.080000,153.080000,16.060000,16.060000,-27.680000,-27.680000,3.770000 
Mg-Te-Be-S,6.946000,6.946000,23.345000,1.000000,73.420000,16.260000,69.820000,69.820000,28.580000,28.580000,44.840000,44.840000,0.220000 
Mg-Te-Cd-O,7.889000,7.889000,18.096000,1.000000,-44.770000,-32.000000,-21.900000,-21.900000,-6.390000,-6.390000,-38.390000,-38.390000,0.710000 
Mg-Te-Cd-Se,8.990000,8.990000,13.935000,1.000000,34.630000,-17.770000,25.510000,25.510000,26.200000,26.200000,8.430000,8.430000,-0.510000 
Mg-Te-Cd-S,8.707000,8.707000,14.858000,1.000000,-16.370000,16.790000,0.850000,0.850000,-16.580000,-16.580000,0.210000,0.210000,-1.030000 
Mg-Te-Sr-O,8.376000,8.376000,16.052000,1.000000,13.730000,14.270000,-1.090000,-1.090000,-0.270000,-0.270000,14.000000,14.000000,1.040000 
Mg-Te-Sr-Se,9.545000,9.545000,12.363000,1.000000,-20.360000,-21.780000,2.930000,2.930000,0.710000,0.710000,-21.070000,-21.070000,1.070000 
Mg-Te-Sr-S,9.442000,9.442000,12.634000,1.000000,2.780000,-39.630000,-561.480000,-561.480000,21.210000,21.210000,-18.420000,-18.420000,-14.240000 
Mg-Te-Zn-O,6.908000,6.908000,23.603000,1.000000,30.060000,-17.980000,19.310000,19.310000,24.020000,24.020000,6.040000,6.040000,-0.600000 
Mg-Te-Zn-Se,8.489000,8.489000,15.631000,1.000000,8.960000,-7.230000,3.130000,3.130000,8.090000,8.090000,0.870000,0.870000,-0.810000 
Mg-Te-Zn-S,8.189000,8.189000,16.798000,1.000000,-1.770000,27.030000,410.850000,410.850000,-14.400000,-14.400000,12.630000,12.630000,-15.260000 
Sr-O-Ba-Se,8.437000,8.437000,15.824000,1.000000,22.870000,60.590000,-137.700000,-137.700000,-18.860000,-18.860000,41.730000,41.730000,2.650000 
Sr-O-Ba-S,8.363000,8.363000,16.106000,1.000000,-16.690000,32.260000,45.640000,45.640000,-24.480000,-24.480000,7.780000,7.780000,-1.930000 
Sr-O-Ba-Te,8.593000,8.593000,15.254000,1.000000,13.440000,26.870000,-40.290000,-40.290000,-6.720000,-6.720000,20.150000,20.150000,2.000000 
Sr-O-Be-Se,7.767000,7.767000,18.671000,1.000000,24.410000,7.280000,22.240000,22.240000,8.560000,8.560000,15.840000,15.840000,0.300000 
Sr-O-Be-S,7.622000,7.622000,19.386000,1.000000,-115.880000,6.870000,-115.470000,-115.470000,-61.370000,-61.370000,-54.500000,-54.500000,-0.060000 
Sr-O-Be-Te,8.048000,8.048000,17.390000,1.000000,46.460000,18.130000,39.390000,39.390000,14.170000,14.170000,32.300000,32.300000,0.390000 
Sr-O-Cd-Se,8.286000,8.286000,16.405000,1.000000,13.860000,14.410000,-1.130000,-1.130000,-0.280000,-0.280000,14.140000,14.140000,1.040000 
Sr-O-Cd-S,8.244000,8.244000,16.574000,1.000000,8.510000,19.140000,-34.540000,-34.540000,-5.320000,-5.320000,13.830000,13.830000,2.250000 
Sr-O-Cd-Te,8.450000,8.450000,15.775000,1.000000,21.750000,35.470000,-36.110000,-36.110000,-6.860000,-6.860000,28.610000,28.610000,1.630000 
Sr-O-Mg-Se,8.263000,8.263000,16.497000,1.000000,13.090000,14.540000,-3.060000,-3.060000,-0.720000,-0.720000,13.820000,13.820000,1.110000 
Sr-O-Mg-S,8.118000,8.118000,17.089000,1.000000,40.150000,25.410000,24.070000,24.070000,7.370000,7.370000,32.780000,32.780000,0.630000 
Sr-O-Mg-Te,8.376000,8.376000,16.054000,1.000000,2.860000,12.810000,-54.460000,-54.460000,-4.970000,-4.970000,7.830000,7.830000,4.480000 
Sr-O-Zn-Se,8.107000,8.107000,17.138000,1.000000,31.270000,19.580000,19.020000,19.020000,5.850000,5.850000,25.420000,25.420000,0.630000 
Sr-O-Zn-S,7.933000,7.933000,17.895000,1.000000,34.760000,18.060000,25.380000,25.380000,8.350000,8.350000,26.410000,26.410000,0.520000 
Sr-O-Zn-Te,8.323000,8.323000,16.261000,1.000000,5.140000,-9.810000,-13.560000,-13.560000,7.470000,7.470000,-2.330000,-2.330000,-1.910000 
Sr-S-Ba-O,8.741000,8.741000,14.743000,1.000000,-14.850000,11.330000,-6.200000,-6.200000,-13.090000,-13.090000,-1.760000,-1.760000,-0.760000 
Sr-S-Ba-Se,9.848000,9.848000,11.614000,1.000000,1.330000,1.150000,0.330000,0.330000,0.090000,0.090000,1.240000,1.240000,0.870000 
Sr-S-Ba-Te,9.953000,9.953000,11.371000,1.000000,-2.890000,13.550000,60.560000,60.560000,-8.220000,-8.220000,5.330000,5.330000,-4.680000 
Sr-S-Be-O,7.209000,7.209000,21.674000,1.000000,-43.870000,-14.230000,-39.260000,-39.260000,-14.820000,-14.820000,-29.050000,-29.050000,0.320000 
Sr-S-Be-Se,7.915000,7.915000,17.979000,1.000000,-34.310000,-68.900000,104.040000,104.040000,17.290000,17.290000,-51.610000,-51.610000,2.010000 
Sr-S-Be-Te,8.518000,8.518000,15.524000,1.000000,21.980000,-34.760000,-33.000000,-33.000000,28.370000,28.370000,-6.390000,-6.390000,-1.580000 
Sr-S-Cd-O,7.851000,7.851000,18.275000,1.000000,9.170000,24.250000,-54.940000,-54.940000,-7.540000,-7.540000,16.710000,16.710000,2.640000 
Sr-S-Cd-Se,9.135000,9.135000,13.497000,1.000000,33.810000,55.100000,-55.980000,-55.980000,-10.640000,-10.640000,44.460000,44.460000,1.630000 
Sr-S-Cd-Te,9.468000,9.468000,12.564000,1.000000,41.640000,-11.370000,38.530000,38.530000,26.500000,26.500000,15.130000,15.130000,-0.270000 
Sr-Se-Ba-O,8.755000,8.755000,14.696000,1.000000,20.560000,33.450000,-33.860000,-33.860000,-6.440000,-6.440000,27.010000,27.010000,1.630000 
Sr-Se-Ba-S,9.938000,9.938000,11.405000,1.000000,-7.210000,1.190000,-7.010000,-7.010000,-4.200000,-4.200000,-3.010000,-3.010000,-0.160000 
Sr-Se-Ba-Te,10.172000,10.172000,10.886000,1.000000,9.260000,-11.790000,-5.750000,-5.750000,10.520000,10.520000,-1.260000,-1.260000,-1.270000 
Sr-Se-Be-O,6.678000,6.678000,25.254000,1.000000,66.920000,-30.360000,53.150000,53.150000,48.640000,48.640000,18.280000,18.280000,-0.450000 
Sr-Se-Be-S,7.482000,7.482000,20.122000,1.000000,34.710000,-1.170000,34.670000,34.670000,17.940000,17.940000,16.770000,16.770000,-0.030000 
Sr-Se-Be-Te,8.509000,8.509000,15.557000,1.000000,-3.350000,-15.190000,65.580000,65.580000,5.920000,5.920000,-9.270000,-9.270000,4.540000 
Sr-Se-Cd-O,7.890000,7.890000,18.092000,1.000000,-30.580000,-31.430000,1.720000,1.720000,0.420000,0.420000,-31.010000,-31.010000,1.030000 
Sr-Se-Cd-S,8.847000,8.847000,14.390000,1.000000,-27.980000,25.050000,-5.540000,-5.540000,-26.510000,-26.510000,-1.460000,-1.460000,-0.900000 
Sr-Se-Cd-Te,9.592000,9.592000,12.241000,1.000000,-40.600000,-7.800000,-39.100000,-39.100000,-16.400000,-16.400000,-24.200000,-24.200000,0.190000 
Sr-Se-Mg-O,7.370000,7.370000,20.735000,1.000000,-73.510000,-1.190000,-73.490000,-73.490000,-36.160000,-36.160000,-37.350000,-37.350000,0.020000 
Sr-Se-Mg-S,8.582000,8.582000,15.292000,1.000000,15.360000,-14.380000,1.900000,1.900000,14.870000,14.870000,0.490000,0.490000,-0.940000 
Sr-Se-Mg-Te,9.542000,9.542000,12.371000,1.000000,30.760000,33.080000,-4.810000,-4.810000,-1.160000,-1.160000,31.920000,31.920000,1.080000 
Sr-Se-Zn-O,7.314000,7.314000,21.057000,1.000000,-97.150000,-38.510000,-81.890000,-81.890000,-29.320000,-29.320000,-67.830000,-67.830000,0.400000 
Sr-Se-Zn-S,8.261000,8.261000,16.505000,1.000000,23.720000,11.210000,18.410000,18.410000,6.250000,6.250000,17.460000,17.460000,0.470000 
Sr-Se-Zn-Te,9.169000,9.169000,13.399000,1.000000,21.170000,-2.720000,20.830000,20.830000,11.950000,11.950000,9.230000,9.230000,-0.130000 
Sr-S-Mg-O,7.375000,7.375000,20.707000,1.000000,-104.230000,-28.110000,-96.650000,-96.650000,-38.060000,-38.060000,-66.170000,-66.170000,0.270000 
Sr-S-Mg-Se,9.020000,9.020000,13.843000,1.000000,29.090000,-1.940000,28.960000,28.960000,15.520000,15.520000,13.570000,13.570000,-0.070000 
Sr-S-Mg-Te,9.444000,9.444000,12.629000,1.000000,7.920000,4.200000,5.700000,5.700000,1.860000,1.860000,6.060000,6.060000,0.530000 
Sr-S-Zn-O,7.340000,7.340000,20.908000,1.000000,-46.120000,-19.140000,-38.180000,-38.180000,-13.490000,-13.490000,-32.630000,-32.630000,0.410000 
Sr-S-Zn-Se,8.652000,8.652000,15.047000,1.000000,2.580000,-21.910000,-183.780000,-183.780000,12.240000,12.240000,-9.670000,-9.670000,-8.510000 
Sr-S-Zn-Te,9.135000,9.135000,13.497000,1.000000,16.810000,64.750000,-232.590000,-232.590000,-23.970000,-23.970000,40.780000,40.780000,3.850000 
Sr-Te-Ba-O,8.908000,8.908000,14.193000,1.000000,68.070000,33.020000,52.060000,52.060000,17.530000,17.530000,50.550000,50.550000,0.490000 
Sr-Te-Ba-Se,10.240000,10.240000,10.741000,1.000000,12.150000,2.740000,11.530000,11.530000,4.700000,4.700000,7.450000,7.450000,0.230000 
Sr-Te-Ba-S,10.106000,10.106000,11.027000,1.000000,-1.300000,5.980000,26.180000,26.180000,-3.640000,-3.640000,2.340000,2.340000,-4.600000 
Sr-Te-Be-O,8.299000,8.299000,16.352000,1.000000,-14.960000,-28.170000,38.050000,38.050000,6.600000,6.600000,-21.570000,-21.570000,1.880000 
Sr-Te-Be-Se,7.790000,7.790000,18.561000,1.000000,5.920000,17.450000,-45.540000,-45.540000,-5.770000,-5.770000,11.680000,11.680000,2.950000 
Sr-Te-Be-S,7.113000,7.113000,22.261000,1.000000,5.850000,12.290000,-19.950000,-19.950000,-3.220000,-3.220000,9.070000,9.070000,2.100000 
Sr-Te-Cd-O,10.438000,10.438000,10.338000,1.000000,-1.560000,-3.100000,4.620000,4.620000,0.770000,0.770000,-2.330000,-2.330000,1.990000 
Sr-Te-Cd-Se,9.109000,9.109000,13.575000,1.000000,3.790000,-33.540000,-292.890000,-292.890000,18.670000,18.670000,-14.870000,-14.870000,-8.840000 
Sr-Te-Cd-S,8.751000,8.751000,14.709000,1.000000,30.530000,7.950000,28.460000,28.460000,11.290000,11.290000,19.240000,19.240000,0.260000 
Sr-Te-Mg-O,7.101000,7.101000,22.338000,1.000000,13.680000,11.050000,4.750000,4.750000,1.310000,1.310000,12.360000,12.360000,0.810000 
Sr-Te-Mg-Se,8.932000,8.932000,14.116000,1.000000,-10.000000,-6.410000,-5.890000,-5.890000,-1.800000,-1.800000,-8.200000,-8.200000,0.640000 
Sr-Te-Mg-S,8.534000,8.534000,15.464000,1.000000,12.780000,-14.210000,-3.000000,-3.000000,13.500000,13.500000,-0.710000,-0.710000,-1.110000 
Sr-Te-Zn-O,8.250000,8.250000,16.547000,1.000000,-9.510000,-9.440000,-0.140000,-0.140000,-0.030000,-0.030000,-9.480000,-9.480000,0.990000 
Sr-Te-Zn-Se,8.634000,8.634000,15.108000,1.000000,2.890000,-5.420000,-7.290000,-7.290000,4.150000,4.150000,-1.270000,-1.270000,-1.880000 
Sr-Te-Zn-S,9.759000,9.759000,11.825000,1.000000,14.850000,14.810000,0.100000,0.100000,0.020000,0.020000,14.830000,14.830000,1.000000 
Zn-O-Ba-Se,9.172000,9.172000,13.387000,1.000000,25.500000,21.950000,6.590000,6.590000,1.770000,1.770000,23.720000,23.720000,0.860000 
Zn-O-Ba-S,7.431000,7.431000,20.395000,1.000000,-1.920000,-46.960000,1146.570000,1146.570000,22.520000,22.520000,-24.440000,-24.440000,24.460000 
Zn-O-Ba-Te,7.400000,7.400000,20.568000,1.000000,-72.380000,-31.980000,-58.250000,-58.250000,-20.200000,-20.200000,-52.180000,-52.180000,0.440000 
Zn-O-Be-Se,7.085000,7.085000,22.436000,1.000000,15.230000,-40.860000,-94.380000,-94.380000,28.040000,28.040000,-12.810000,-12.810000,-2.680000 
Zn-O-Be-S,6.915000,6.915000,23.554000,1.000000,61.580000,33.140000,43.740000,43.740000,14.220000,14.220000,47.360000,47.360000,0.540000 
Zn-O-Be-Te,7.306000,7.306000,21.102000,1.000000,19.800000,-62.440000,-177.170000,-177.170000,41.120000,41.120000,-21.320000,-21.320000,-3.150000 
Zn-O-Cd-Se,7.178000,7.178000,21.861000,1.000000,-108.310000,-48.250000,-86.820000,-86.820000,-30.030000,-30.030000,-78.280000,-78.280000,0.450000 
Zn-O-Cd-S,7.244000,7.244000,21.463000,1.000000,-56.950000,-49.980000,-13.100000,-13.100000,-3.490000,-3.490000,-53.460000,-53.460000,0.880000 
Zn-O-Cd-Te,6.814000,6.814000,24.256000,1.000000,58.330000,40.070000,30.800000,30.800000,9.130000,9.130000,49.200000,49.200000,0.690000 
Zn-O-Mg-Se,7.830000,7.830000,18.373000,1.000000,3.520000,68.310000,-1320.770000,-1320.770000,-32.390000,-32.390000,35.920000,35.920000,19.390000 
Zn-O-Mg-S,7.553000,7.553000,19.744000,1.000000,-11.610000,4.020000,-10.220000,-10.220000,-7.810000,-7.810000,-3.790000,-3.790000,-0.350000 
Zn-O-Mg-Te,6.907000,6.907000,23.608000,1.000000,37.030000,5.370000,36.250000,36.250000,15.830000,15.830000,21.200000,21.200000,0.150000 
Zn-O-Sr-Se,7.317000,7.317000,21.038000,1.000000,-48.000000,75.850000,71.850000,71.850000,-61.930000,-61.930000,13.920000,13.920000,-1.580000 
Zn-O-Sr-S,7.338000,7.338000,20.919000,1.000000,-60.950000,37.380000,-38.030000,-38.030000,-49.170000,-49.170000,-11.790000,-11.790000,-0.610000 
Zn-O-Sr-Te,7.209000,7.209000,21.670000,1.000000,-32.140000,-4.080000,-31.630000,-31.630000,-14.030000,-14.030000,-18.110000,-18.110000,0.130000 
Zn-S-Ba-O,8.145000,8.145000,16.977000,1.000000,40.420000,4.740000,39.860000,39.860000,17.840000,17.840000,22.580000,22.580000,0.120000 
Zn-S-Ba-Se,8.317000,8.317000,16.281000,1.000000,35.470000,-14.820000,29.270000,29.270000,25.140000,25.140000,10.320000,10.320000,-0.420000 
Zn-S-Ba-Te,10.482000,10.482000,10.251000,1.000000,11.390000,7.830000,6.010000,6.010000,1.780000,1.780000,9.610000,9.610000,0.690000 
Zn-S-Be-O,6.850000,6.850000,24.000000,1.000000,-221.830000,190.910000,-57.520000,-57.520000,-206.370000,-206.370000,-15.460000,-15.460000,-0.860000 
Zn-S-Be-Se,7.525000,7.525000,19.892000,1.000000,19.180000,18.690000,0.960000,0.960000,0.240000,0.240000,18.940000,18.940000,0.970000 
Zn-S-Be-Te,7.867000,7.867000,18.201000,1.000000,48.530000,28.460000,31.840000,31.840000,10.040000,10.040000,38.500000,38.500000,0.590000 
Zn-S-Cd-O,7.585000,7.585000,19.577000,1.000000,28.850000,28.800000,0.090000,0.090000,0.020000,0.020000,28.820000,28.820000,1.000000 
Zn-S-Cd-Se,8.107000,8.107000,17.137000,1.000000,33.850000,-17.940000,24.340000,24.340000,25.890000,25.890000,7.950000,7.950000,-0.530000 
Zn-S-Cd-Te,8.242000,8.242000,16.580000,1.000000,-20.690000,-42.330000,65.910000,65.910000,10.820000,10.820000,-31.510000,-31.510000,2.050000 
Zn-Se-Ba-O,8.384000,8.384000,16.025000,1.000000,5.550000,-20.640000,-71.160000,-71.160000,13.100000,13.100000,-7.540000,-7.540000,-3.720000 
Zn-Se-Ba-S,8.720000,8.720000,14.813000,1.000000,37.000000,32.380000,8.670000,8.670000,2.310000,2.310000,34.690000,34.690000,0.880000 
Zn-Se-Ba-Te,10.766000,10.766000,9.717000,1.000000,15.490000,9.400000,9.790000,9.790000,3.050000,3.050000,12.440000,12.440000,0.610000 
Zn-Se-Be-O,7.446000,7.446000,20.312000,1.000000,27.460000,11.240000,22.850000,22.850000,8.110000,8.110000,19.350000,19.350000,0.410000 
Zn-Se-Be-S,7.409000,7.409000,20.517000,1.000000,46.650000,6.180000,45.830000,45.830000,20.230000,20.230000,26.410000,26.410000,0.130000 
Zn-Se-Be-Te,8.052000,8.052000,17.372000,1.000000,69.700000,23.330000,61.890000,61.890000,23.190000,23.190000,46.520000,46.520000,0.330000 
Zn-Se-Cd-O,7.664000,7.664000,19.173000,1.000000,-17.040000,-19.220000,4.630000,4.630000,1.090000,1.090000,-18.130000,-18.130000,1.130000 
Zn-Se-Cd-S,8.277000,8.277000,16.440000,1.000000,14.630000,39.090000,-89.840000,-89.840000,-12.230000,-12.230000,26.860000,26.860000,2.670000 
Zn-Se-Cd-Te,8.570000,8.570000,15.334000,1.000000,6.520000,2.900000,5.230000,5.230000,1.810000,1.810000,4.710000,4.710000,0.440000 
Zn-Se-Mg-O,7.606000,7.606000,19.469000,1.000000,-0.950000,54.600000,3139.850000,3139.850000,-27.780000,-27.780000,26.830000,26.830000,-57.520000 
Zn-Se-Mg-S,8.128000,8.128000,17.050000,1.000000,23.870000,29.210000,-11.880000,-11.880000,-2.670000,-2.670000,26.540000,26.540000,1.220000 
Zn-Se-Mg-Te,8.490000,8.490000,15.624000,1.000000,-20.390000,23.180000,5.970000,5.970000,-21.790000,-21.790000,1.400000,1.400000,-1.140000 
Zn-Se-Sr-O,8.107000,8.107000,17.139000,1.000000,8.470000,-8.200000,0.530000,0.530000,8.340000,8.340000,0.140000,0.140000,-0.970000 
Zn-Se-Sr-S,8.653000,8.653000,15.043000,1.000000,-27.020000,-8.510000,-24.340000,-24.340000,-9.250000,-9.250000,-17.770000,-17.770000,0.320000 
Zn-Se-Sr-Te,8.634000,8.634000,15.110000,1.000000,7.930000,-1.730000,7.550000,7.550000,4.830000,4.830000,3.100000,3.100000,-0.220000 
Zn-S-Mg-O,7.230000,7.230000,21.544000,1.000000,-45.460000,-50.600000,10.860000,10.860000,2.570000,2.570000,-48.030000,-48.030000,1.110000 
Zn-S-Mg-Se,8.049000,8.049000,17.384000,1.000000,39.220000,27.340000,20.160000,20.160000,5.940000,5.940000,33.280000,33.280000,0.700000 
Zn-S-Mg-Te,8.190000,8.190000,16.792000,1.000000,-8.460000,31.000000,105.080000,105.080000,-19.730000,-19.730000,11.270000,11.270000,-3.660000 
Zn-S-Sr-O,7.933000,7.933000,17.898000,1.000000,21.140000,2.450000,20.860000,20.860000,9.350000,9.350000,11.800000,11.800000,0.120000 
Zn-S-Sr-Se,8.262000,8.262000,16.501000,1.000000,-11.360000,-18.780000,19.690000,19.690000,3.710000,3.710000,-15.070000,-15.070000,1.650000 
Zn-S-Sr-Te,9.763000,9.763000,11.817000,1.000000,20.310000,16.270000,7.270000,7.270000,2.020000,2.020000,18.290000,18.290000,0.800000 
Zn-Te-Ba-O,8.672000,8.672000,14.977000,1.000000,-3.400000,-24.390000,171.820000,171.820000,10.500000,10.500000,-13.890000,-13.890000,7.180000 
Zn-Te-Ba-Se,9.280000,9.280000,13.078000,1.000000,0.490000,2.160000,-8.960000,-8.960000,-0.830000,-0.830000,1.330000,1.330000,4.380000 
Zn-Te-Ba-S,9.229000,9.229000,13.224000,1.000000,30.780000,-11.970000,26.120000,26.120000,21.380000,21.380000,9.400000,9.400000,-0.390000 
Zn-Te-Be-O,7.962000,7.962000,17.768000,1.000000,16.040000,-21.020000,-11.500000,-11.500000,18.530000,18.530000,-2.490000,-2.490000,-1.310000 
Zn-Te-Be-Se,7.803000,7.803000,18.498000,1.000000,-35.590000,-25.490000,-17.340000,-17.340000,-5.050000,-5.050000,-30.540000,-30.540000,0.720000 
Zn-Te-Be-S,7.055000,7.055000,22.630000,1.000000,33.740000,-5.150000,32.950000,32.950000,19.440000,19.440000,14.290000,14.290000,-0.150000 
Zn-Te-Cd-O,7.818000,7.818000,18.428000,1.000000,-20.110000,-15.720000,-7.820000,-7.820000,-2.200000,-2.200000,-17.920000,-17.920000,0.780000 
Zn-Te-Cd-Se,8.696000,8.696000,14.896000,1.000000,2.300000,20.940000,-188.740000,-188.740000,-9.320000,-9.320000,11.620000,11.620000,9.120000 
Zn-Te-Cd-S,8.561000,8.561000,15.366000,1.000000,34.450000,7.170000,32.960000,32.960000,13.640000,13.640000,20.810000,20.810000,0.210000 
Zn-Te-Mg-O,7.216000,7.216000,21.630000,1.000000,-27.370000,-78.010000,195.020000,195.020000,25.320000,25.320000,-52.690000,-52.690000,2.850000 
Zn-Te-Mg-Se,8.626000,8.626000,15.137000,1.000000,21.340000,28.120000,-15.700000,-15.700000,-3.390000,-3.390000,24.730000,24.730000,1.320000 
Zn-Te-Mg-S,8.389000,8.389000,16.004000,1.000000,35.450000,21.980000,21.830000,21.830000,6.740000,6.740000,28.710000,28.710000,0.620000 
Zn-Te-Sr-O,8.322000,8.322000,16.265000,1.000000,82.310000,56.970000,42.870000,42.870000,12.670000,12.670000,69.640000,69.640000,0.690000 
Zn-Te-Sr-Se,9.171000,9.171000,13.390000,1.000000,39.220000,6.320000,38.200000,38.200000,16.450000,16.450000,22.770000,22.770000,0.160000 
Zn-Te-Sr-S,9.133000,9.133000,13.502000,1.000000,13.110000,0.090000,13.110000,13.110000,6.510000,6.510000,6.600000,6.600000,0.010000 
