Material,aa,bb,cc,SG,C11,C12,Y_2D_a,Y_2D_b,G_a,G_b,B_a,B_b,V_a,V_b
Ba-O-Be-S,7.513000,7.513000,19.953000,1.000000,-80.690000,-71.530000,-17.280000,-17.280000,-4.580000,-4.580000,-76.110000,-76.110000,0.890000,0.890000
Ba-O-Be-Se,7.812000,7.812000,18.457000,1.000000,90.320000,52.710000,59.560000,59.560000,18.800000,18.800000,71.510000,71.510000,0.580000,0.580000
Ba-O-Be-Te,8.271000,8.271000,16.465000,1.000000,22.390000,13.460000,14.310000,14.310000,4.470000,4.470000,17.930000,17.930000,0.600000,0.600000
Ba-O-Cd-S,8.531000,8.531000,15.476000,1.000000,33.490000,13.520000,28.040000,28.040000,9.990000,9.990000,23.500000,23.500000,0.400000,0.400000
Ba-O-Cd-Se,8.668000,8.668000,14.990000,1.000000,-30.000000,-15.990000,-21.470000,-21.470000,-7.000000,-7.000000,-22.990000,-22.990000,0.530000,0.530000
Ba-O-Cd-Te,8.825000,8.825000,14.463000,1.000000,18.530000,-2.810000,18.100000,18.100000,10.670000,10.670000,7.860000,7.860000,-0.150000,-0.150000
Ba-O-Mg-S,8.373000,8.373000,16.067000,1.000000,14.790000,-1.510000,14.630000,14.630000,8.150000,8.150000,6.640000,6.640000,-0.100000,-0.100000
Ba-O-Mg-Se,8.572000,8.572000,15.327000,1.000000,29.170000,0.990000,29.130000,29.130000,14.090000,14.090000,15.080000,15.080000,0.030000,0.030000
Ba-O-Mg-Te,8.763000,8.763000,14.668000,1.000000,-22.490000,-28.400000,13.370000,13.370000,2.950000,2.950000,-25.440000,-25.440000,1.260000,1.260000
Ba-O-Sr-S,8.742000,8.742000,14.737000,1.000000,24.620000,-3.500000,24.120000,24.120000,14.060000,14.060000,10.560000,10.560000,-0.140000,-0.140000
Ba-O-Sr-Se,8.754000,8.754000,14.697000,1.000000,-1.560000,52.330000,1756.400000,1756.400000,-26.940000,-26.940000,25.380000,25.380000,-33.600000,-33.600000
Ba-O-Sr-Te,8.910000,8.910000,14.187000,1.000000,21.750000,-2.610000,21.440000,21.440000,12.180000,12.180000,9.570000,9.570000,-0.120000,-0.120000
Ba-O-Zn-S,8.144000,8.144000,16.981000,1.000000,-25.910000,5.090000,-24.910000,-24.910000,-15.500000,-15.500000,-10.410000,-10.410000,-0.200000,-0.200000
Ba-O-Zn-Se,8.383000,8.383000,16.029000,1.000000,25.440000,20.490000,8.930000,8.930000,2.470000,2.470000,22.970000,22.970000,0.810000,0.810000
Ba-O-Zn-Te,8.670000,8.670000,14.983000,1.000000,67.230000,54.890000,22.410000,22.410000,6.170000,6.170000,61.060000,61.060000,0.820000,0.820000
Ba-S-Be-O,7.019000,7.019000,22.864000,1.000000,-30.760000,68.630000,122.350000,122.350000,-49.700000,-49.700000,18.930000,18.930000,-2.230000,-2.230000
Ba-S-Be-Se,7.926000,7.926000,17.927000,1.000000,-68.140000,-54.100000,-25.190000,-25.190000,-7.020000,-7.020000,-61.120000,-61.120000,0.790000,0.790000
Ba-S-Be-Te,8.555000,8.555000,15.388000,1.000000,-27.890000,-15.490000,-19.280000,-19.280000,-6.200000,-6.200000,-21.690000,-21.690000,0.560000,0.560000
Ba-S-Cd-O,7.866000,7.866000,18.201000,1.000000,1.100000,-4.810000,-19.900000,-19.900000,2.950000,2.950000,-1.850000,-1.850000,-4.370000,-4.370000
Ba-S-Cd-Se,9.202000,9.202000,13.301000,1.000000,27.680000,-16.220000,18.170000,18.170000,21.950000,21.950000,5.730000,5.730000,-0.590000,-0.590000
Ba-S-Cd-Te,9.639000,9.639000,12.122000,1.000000,-14.720000,4.290000,-13.470000,-13.470000,-9.510000,-9.510000,-5.210000,-5.210000,-0.290000,-0.290000
Ba-Se-Be-O,6.728000,6.728000,24.880000,1.000000,-6.490000,43.000000,278.570000,278.570000,-24.740000,-24.740000,18.260000,18.260000,-6.630000,-6.630000
Ba-Se-Be-S,7.574000,7.574000,19.633000,1.000000,1.330000,-54.500000,-2234.420000,-2234.420000,27.920000,27.920000,-26.590000,-26.590000,-41.020000,-41.020000
Ba-Se-Be-Te,8.543000,8.543000,15.431000,1.000000,4.810000,-72.290000,-1081.360000,-1081.360000,38.550000,38.550000,-33.740000,-33.740000,-15.020000,-15.020000
Ba-Se-Cd-O,7.891000,7.891000,18.088000,1.000000,19.600000,6.580000,17.390000,17.390000,6.510000,6.510000,13.090000,13.090000,0.340000,0.340000
Ba-Se-Cd-S,8.891000,8.891000,14.248000,1.000000,2.280000,29.130000,-369.170000,-369.170000,-13.420000,-13.420000,15.710000,15.710000,12.750000,12.750000
Ba-Se-Cd-Te,9.702000,9.702000,11.965000,1.000000,4.210000,-15.320000,-51.560000,-51.560000,9.770000,9.770000,-5.560000,-5.560000,-3.640000,-3.640000
Ba-Se-Mg-O,7.445000,7.445000,20.321000,1.000000,-72.800000,-102.210000,70.720000,70.720000,14.710000,14.710000,-87.510000,-87.510000,1.400000,1.400000
Ba-Se-Mg-S,8.586000,8.586000,15.279000,1.000000,-36.380000,-22.530000,-22.430000,-22.430000,-6.930000,-6.930000,-29.460000,-29.460000,0.620000,0.620000
Ba-Se-Mg-Te,9.612000,9.612000,12.191000,1.000000,20.830000,2.840000,20.440000,20.440000,8.990000,8.990000,11.840000,11.840000,0.140000,0.140000
Ba-Se-Sr-O,8.438000,8.438000,15.819000,1.000000,-16.400000,-2.190000,-16.110000,-16.110000,-7.110000,-7.110000,-9.290000,-9.290000,0.130000,0.130000
Ba-Se-Sr-S,9.850000,9.850000,11.610000,1.000000,-22.680000,20.730000,-3.740000,-3.740000,-21.700000,-21.700000,-0.980000,-0.980000,-0.910000,-0.910000
Ba-Se-Sr-Te,10.240000,10.240000,10.740000,1.000000,1.590000,-13.410000,-111.190000,-111.190000,7.500000,7.500000,-5.910000,-5.910000,-8.410000,-8.410000
Ba-Se-Zn-O,9.170000,9.170000,13.396000,1.000000,24.560000,16.720000,13.180000,13.180000,3.920000,3.920000,20.640000,20.640000,0.680000,0.680000
Ba-Se-Zn-S,8.319000,8.319000,16.275000,1.000000,-22.980000,-26.110000,6.680000,6.680000,1.560000,1.560000,-24.550000,-24.550000,1.140000,1.140000
Ba-Se-Zn-Te,9.276000,9.276000,13.089000,1.000000,5.220000,-29.080000,-156.720000,-156.720000,17.150000,17.150000,-11.930000,-11.930000,-5.570000,-5.570000
Ba-S-Mg-O,7.427000,7.427000,20.419000,1.000000,-114.520000,-58.220000,-84.920000,-84.920000,-28.150000,-28.150000,-86.370000,-86.370000,0.510000,0.510000
Ba-S-Mg-Se,8.999000,8.999000,13.910000,1.000000,-16.990000,21.520000,10.270000,10.270000,-19.260000,-19.260000,2.270000,2.270000,-1.270000,-1.270000
Ba-S-Mg-Te,9.559000,9.559000,12.327000,1.000000,13.390000,-5.050000,11.490000,11.490000,9.220000,9.220000,4.170000,4.170000,-0.380000,-0.380000
Ba-S-Sr-O,8.364000,8.364000,16.102000,1.000000,22.270000,53.040000,-104.010000,-104.010000,-15.380000,-15.380000,37.660000,37.660000,2.380000,2.380000
Ba-S-Sr-Se,9.935000,9.935000,11.410000,1.000000,-34.880000,14.130000,-29.150000,-29.150000,-24.510000,-24.510000,-10.370000,-10.370000,-0.410000,-0.410000
Ba-S-Sr-Te,10.106000,10.106000,11.027000,1.000000,-21.640000,-4.140000,-20.850000,-20.850000,-8.750000,-8.750000,-12.890000,-12.890000,0.190000,0.190000
Ba-S-Zn-O,7.430000,7.430000,20.402000,1.000000,-16.560000,47.330000,118.730000,118.730000,-31.950000,-31.950000,15.390000,15.390000,-2.860000,-2.860000
Ba-S-Zn-Se,8.724000,8.724000,14.800000,1.000000,-29.580000,-45.210000,39.490000,39.490000,7.810000,7.810000,-37.390000,-37.390000,1.530000,1.530000
Ba-S-Zn-Te,9.230000,9.230000,13.220000,1.000000,4.510000,52.080000,-597.010000,-597.010000,-23.790000,-23.790000,28.290000,28.290000,11.550000,11.550000
Ba-Te-Be-O,8.754000,8.754000,14.699000,1.000000,27.950000,11.470000,23.250000,23.250000,8.240000,8.240000,19.710000,19.710000,0.410000,0.410000
Ba-Te-Be-S,8.711000,8.711000,14.843000,1.000000,-43.250000,-21.450000,-32.620000,-32.620000,-10.900000,-10.900000,-32.350000,-32.350000,0.500000,0.500000
Ba-Te-Be-Se,7.777000,7.777000,18.623000,1.000000,-33.580000,-37.580000,8.490000,8.490000,2.000000,2.000000,-35.580000,-35.580000,1.120000,1.120000
Ba-Te-Cd-O,7.982000,7.982000,17.678000,1.000000,-12.400000,-41.420000,125.980000,125.980000,14.510000,14.510000,-26.910000,-26.910000,3.340000,3.340000
Ba-Te-Cd-S,10.411000,10.411000,10.392000,1.000000,13.150000,10.190000,5.260000,5.260000,1.480000,1.480000,11.670000,11.670000,0.770000,0.770000
Ba-Te-Cd-Se,9.190000,9.190000,13.337000,1.000000,-24.640000,-35.460000,26.390000,26.390000,5.410000,5.410000,-30.050000,-30.050000,1.440000,1.440000
Ba-Te-Mg-O,7.121000,7.121000,22.212000,1.000000,59.210000,56.680000,4.950000,4.950000,1.270000,1.270000,57.940000,57.940000,0.960000,0.960000
Ba-Te-Mg-S,8.614000,8.614000,15.181000,1.000000,-3.080000,-13.470000,55.780000,55.780000,5.190000,5.190000,-8.270000,-8.270000,4.370000,4.370000
Ba-Te-Mg-Se,8.993000,8.993000,13.926000,1.000000,15.040000,4.520000,13.680000,13.680000,5.260000,5.260000,9.780000,9.780000,0.300000,0.300000
Ba-Te-Sr-O,8.592000,8.592000,15.258000,1.000000,-29.950000,-31.800000,3.810000,3.810000,0.920000,0.920000,-30.880000,-30.880000,1.060000,1.060000
Ba-Te-Sr-S,9.955000,9.955000,11.364000,1.000000,3.920000,0.960000,3.680000,3.680000,1.480000,1.480000,2.440000,2.440000,0.250000,0.250000
Ba-Te-Sr-Se,10.165000,10.165000,10.901000,1.000000,5.020000,-11.840000,-22.870000,-22.870000,8.430000,8.430000,-3.410000,-3.410000,-2.360000,-2.360000
Ba-Te-Zn-O,7.815000,7.815000,18.444000,1.000000,38.500000,31.540000,12.660000,12.660000,3.480000,3.480000,35.020000,35.020000,0.820000,0.820000
Ba-Te-Zn-S,10.483000,10.483000,10.249000,1.000000,10.280000,6.940000,5.600000,5.600000,1.670000,1.670000,8.610000,8.610000,0.670000,0.670000
Ba-Te-Zn-Se,10.766000,10.766000,9.717000,1.000000,10.980000,6.580000,7.040000,7.040000,2.200000,2.200000,8.780000,8.780000,0.600000,0.600000
Be-O-Ba-S,7.021000,7.021000,22.846000,1.000000,13.810000,-28.880000,-46.580000,-46.580000,21.350000,21.350000,-7.530000,-7.530000,-2.090000,-2.090000
Be-O-Ba-Se,6.730000,6.730000,24.871000,1.000000,-82.970000,147.630000,179.680000,179.680000,-115.300000,-115.300000,32.330000,32.330000,-1.780000,-1.780000
Be-O-Ba-Te,6.735000,6.735000,24.828000,1.000000,-6.880000,-94.490000,1289.900000,1289.900000,43.800000,43.800000,-50.690000,-50.690000,13.720000,13.720000
Be-O-Cd-S,6.693000,6.693000,25.144000,1.000000,26.290000,0.700000,26.270000,26.270000,12.800000,12.800000,13.490000,13.490000,0.030000,0.030000
Be-O-Cd-Se,6.524000,6.524000,26.460000,1.000000,-20.450000,41.920000,65.470000,65.470000,-31.180000,-31.180000,10.730000,10.730000,-2.050000,-2.050000
Be-O-Cd-Te,6.549000,6.549000,26.260000,1.000000,-43.610000,-26.140000,-27.940000,-27.940000,-8.740000,-8.740000,-34.870000,-34.870000,0.600000,0.600000
Be-O-Mg-S,7.393000,7.393000,20.606000,1.000000,-12.880000,67.750000,343.520000,343.520000,-40.310000,-40.310000,27.430000,27.430000,-5.260000,-5.260000
Be-O-Mg-Se,6.556000,6.556000,26.207000,1.000000,-104.870000,-7.370000,-104.350000,-104.350000,-48.750000,-48.750000,-56.120000,-56.120000,0.070000,0.070000
Be-O-Mg-Te,6.518000,6.518000,26.507000,1.000000,-128.380000,13.980000,-126.860000,-126.860000,-71.180000,-71.180000,-57.200000,-57.200000,-0.110000,-0.110000
Be-O-Sr-S,6.968000,6.968000,23.197000,1.000000,-136.640000,17.800000,-134.320000,-134.320000,-77.220000,-77.220000,-59.420000,-59.420000,-0.130000,-0.130000
Be-O-Sr-Se,6.680000,6.680000,25.241000,1.000000,93.150000,8.090000,92.450000,92.450000,42.530000,42.530000,50.620000,50.620000,0.090000,0.090000
Be-O-Sr-Te,6.715000,6.715000,24.975000,1.000000,-47.120000,62.290000,35.230000,35.230000,-54.700000,-54.700000,7.590000,7.590000,-1.320000,-1.320000
Be-O-Zn-S,7.150000,7.150000,22.034000,1.000000,58.200000,46.120000,21.670000,21.670000,6.040000,6.040000,52.160000,52.160000,0.790000,0.790000
Be-O-Zn-Se,7.446000,7.446000,20.312000,1.000000,-115.080000,-29.370000,-107.580000,-107.580000,-42.850000,-42.850000,-72.220000,-72.220000,0.260000,0.260000
Be-O-Zn-Te,7.968000,7.968000,17.740000,1.000000,-5.340000,5.950000,1.300000,1.300000,-5.640000,-5.640000,0.310000,0.310000,-1.120000,-1.120000
Be-S-Ba-O,7.513000,7.513000,19.953000,1.000000,-24.320000,-39.220000,38.950000,38.950000,7.450000,7.450000,-31.770000,-31.770000,1.610000,1.610000
Be-S-Ba-Se,7.590000,7.590000,19.554000,1.000000,-61.110000,3.220000,-60.940000,-60.940000,-32.160000,-32.160000,-28.950000,-28.950000,-0.050000,-0.050000
Be-S-Ba-Te,8.530000,8.530000,15.479000,1.000000,38.670000,37.530000,2.240000,2.240000,0.570000,0.570000,38.100000,38.100000,0.970000,0.970000
Be-S-Cd-O,7.237000,7.237000,21.504000,1.000000,30.780000,21.240000,16.130000,16.130000,4.770000,4.770000,26.010000,26.010000,0.690000,0.690000
Be-S-Cd-Se,7.165000,7.165000,21.940000,1.000000,-11.280000,-58.570000,293.000000,293.000000,23.650000,23.650000,-34.920000,-34.920000,5.190000,5.190000
Be-S-Cd-Te,6.717000,6.717000,24.961000,1.000000,53.950000,37.140000,28.370000,28.370000,8.400000,8.400000,45.540000,45.540000,0.690000,0.690000
Be-Se-Ba-O,7.811000,7.811000,18.461000,1.000000,0.710000,36.420000,-1865.870000,-1865.870000,-17.850000,-17.850000,18.560000,18.560000,51.250000,51.250000
Be-Se-Ba-S,7.925000,7.925000,17.935000,1.000000,-5.490000,4.740000,-1.410000,-1.410000,-5.120000,-5.120000,-0.380000,-0.380000,-0.860000,-0.860000
Be-Se-Ba-Te,7.777000,7.777000,18.623000,1.000000,-33.280000,2.670000,-33.060000,-33.060000,-17.970000,-17.970000,-15.300000,-15.300000,-0.080000,-0.080000
Be-Se-Cd-O,7.375000,7.375000,20.705000,1.000000,34.630000,6.590000,33.380000,33.380000,14.020000,14.020000,20.610000,20.610000,0.190000,0.190000
Be-Se-Cd-S,7.777000,7.777000,18.622000,1.000000,-7.940000,-3.180000,-6.660000,-6.660000,-2.380000,-2.380000,-5.560000,-5.560000,0.400000,0.400000
Be-Se-Cd-Te,7.417000,7.417000,20.474000,1.000000,24.530000,10.330000,20.180000,20.180000,7.100000,7.100000,17.430000,17.430000,0.420000,0.420000
Be-Se-Mg-O,7.097000,7.097000,22.363000,1.000000,75.140000,38.840000,55.060000,55.060000,18.150000,18.150000,56.990000,56.990000,0.520000,0.520000
Be-Se-Mg-S,7.724000,7.724000,18.877000,1.000000,15.700000,-4.270000,14.540000,14.540000,9.980000,9.980000,5.710000,5.710000,-0.270000,-0.270000
Be-Se-Mg-Te,7.550000,7.550000,19.761000,1.000000,29.220000,71.280000,-144.650000,-144.650000,-21.030000,-21.030000,50.250000,50.250000,2.440000,2.440000
Be-Se-Sr-O,7.767000,7.767000,18.669000,1.000000,13.010000,33.940000,-75.550000,-75.550000,-10.470000,-10.470000,23.470000,23.470000,2.610000,2.610000
Be-Se-Sr-S,7.914000,7.914000,17.982000,1.000000,53.890000,22.850000,44.190000,44.190000,15.520000,15.520000,38.370000,38.370000,0.420000,0.420000
Be-Se-Sr-Te,7.791000,7.791000,18.555000,1.000000,-6.180000,-16.180000,36.190000,36.190000,5.000000,5.000000,-11.180000,-11.180000,2.620000,2.620000
Be-Se-Zn-O,7.085000,7.085000,22.436000,1.000000,99.000000,31.130000,89.210000,89.210000,33.930000,33.930000,65.070000,65.070000,0.310000,0.310000
Be-Se-Zn-S,7.523000,7.523000,19.899000,1.000000,27.700000,4.170000,27.080000,27.080000,11.770000,11.770000,15.940000,15.940000,0.150000,0.150000
Be-Se-Zn-Te,7.789000,7.789000,18.565000,1.000000,29.720000,17.140000,19.830000,19.830000,6.290000,6.290000,23.430000,23.430000,0.580000,0.580000
Be-S-Mg-O,6.907000,6.907000,23.610000,1.000000,89.200000,44.210000,67.290000,67.290000,22.500000,22.500000,66.710000,66.710000,0.500000,0.500000
Be-S-Mg-Se,7.478000,7.478000,20.143000,1.000000,-13.770000,20.670000,17.250000,17.250000,-17.220000,-17.220000,3.450000,3.450000,-1.500000,-1.500000
Be-S-Mg-Te,6.843000,6.843000,24.052000,1.000000,-12.150000,-8.710000,-5.910000,-5.910000,-1.720000,-1.720000,-10.430000,-10.430000,0.720000,0.720000
Be-S-Sr-O,7.622000,7.622000,19.386000,1.000000,0.120000,7.020000,-398.970000,-398.970000,-3.450000,-3.450000,3.570000,3.570000,56.860000,56.860000
Be-S-Sr-Se,7.482000,7.482000,20.121000,1.000000,-47.700000,-16.390000,-42.070000,-42.070000,-15.660000,-15.660000,-32.040000,-32.040000,0.340000,0.340000
Be-S-Sr-Te,7.120000,7.120000,22.218000,1.000000,14.550000,10.490000,6.990000,6.990000,2.030000,2.030000,12.520000,12.520000,0.720000,0.720000
Be-S-Zn-O,6.915000,6.915000,23.555000,1.000000,138.890000,80.580000,92.140000,92.140000,29.160000,29.160000,109.730000,109.730000,0.580000,0.580000
Be-S-Zn-Se,7.410000,7.410000,20.510000,1.000000,39.860000,13.380000,35.360000,35.360000,13.240000,13.240000,26.620000,26.620000,0.340000,0.340000
Be-S-Zn-Te,7.052000,7.052000,22.649000,1.000000,40.370000,30.490000,17.360000,17.360000,4.940000,4.940000,35.430000,35.430000,0.760000,0.760000
Be-Te-Ba-O,8.270000,8.270000,16.467000,1.000000,7.920000,14.480000,-18.550000,-18.550000,-3.280000,-3.280000,11.200000,11.200000,1.830000,1.830000
Be-Te-Ba-S,8.554000,8.554000,15.393000,1.000000,56.060000,-24.810000,45.080000,45.080000,40.440000,40.440000,15.630000,15.630000,-0.440000,-0.440000
Be-Te-Ba-Se,8.544000,8.544000,15.430000,1.000000,2.810000,-4.430000,-4.190000,-4.190000,3.620000,3.620000,-0.810000,-0.810000,-1.580000,-1.580000
Be-Te-Cd-O,7.654000,7.654000,19.226000,1.000000,21.980000,0.490000,21.970000,21.970000,10.740000,10.740000,11.230000,11.230000,0.020000,0.020000
Be-Te-Cd-S,8.194000,8.194000,16.776000,1.000000,11.570000,-4.190000,10.050000,10.050000,7.880000,7.880000,3.690000,3.690000,-0.360000,-0.360000
Be-Te-Cd-Se,8.309000,8.309000,16.313000,1.000000,-1.730000,1.730000,-0.010000,-0.010000,-1.730000,-1.730000,-0.000000,-0.000000,-1.000000,-1.000000
Be-Te-Mg-O,7.326000,7.326000,20.988000,1.000000,-68.930000,-72.820000,7.990000,7.990000,1.940000,1.940000,-70.880000,-70.880000,1.060000,1.060000
Be-Te-Mg-S,8.082000,8.082000,17.245000,1.000000,40.090000,11.040000,37.050000,37.050000,14.530000,14.530000,25.570000,25.570000,0.280000,0.280000
Be-Te-Mg-Se,8.254000,8.254000,16.533000,1.000000,45.930000,18.650000,38.360000,38.360000,13.640000,13.640000,32.290000,32.290000,0.410000,0.410000
Be-Te-Sr-O,8.049000,8.049000,17.386000,1.000000,22.320000,-4.180000,21.530000,21.530000,13.250000,13.250000,9.070000,9.070000,-0.190000,-0.190000
Be-Te-Sr-S,8.522000,8.522000,15.509000,1.000000,36.830000,-7.400000,35.350000,35.350000,22.120000,22.120000,14.720000,14.720000,-0.200000,-0.200000
Be-Te-Sr-Se,8.509000,8.509000,15.557000,1.000000,-20.450000,-35.690000,41.830000,41.830000,7.620000,7.620000,-28.070000,-28.070000,1.750000,1.750000
Be-Te-Zn-O,7.304000,7.304000,21.114000,1.000000,-98.710000,-58.610000,-63.900000,-63.900000,-20.050000,-20.050000,-78.660000,-78.660000,0.590000,0.590000
Be-Te-Zn-S,7.874000,7.874000,18.168000,1.000000,49.670000,32.380000,28.570000,28.570000,8.650000,8.650000,41.020000,41.020000,0.650000,0.650000
Be-Te-Zn-Se,8.044000,8.044000,17.405000,1.000000,49.220000,12.910000,45.840000,45.840000,18.160000,18.160000,31.070000,31.070000,0.260000,0.260000
Cd-O-Ba-S,7.867000,7.867000,18.199000,1.000000,16.600000,-1.600000,16.440000,16.440000,9.100000,9.100000,7.500000,7.500000,-0.100000,-0.100000
Cd-O-Ba-Se,7.891000,7.891000,18.090000,1.000000,-39.720000,-46.270000,14.180000,14.180000,3.270000,3.270000,-43.000000,-43.000000,1.160000,1.160000
Cd-O-Ba-Te,7.983000,7.983000,17.673000,1.000000,-10.320000,18.060000,21.290000,21.290000,-14.190000,-14.190000,3.870000,3.870000,-1.750000,-1.750000
Cd-O-Be-S,7.222000,7.222000,21.597000,1.000000,23.290000,12.430000,16.660000,16.660000,5.430000,5.430000,17.860000,17.860000,0.530000,0.530000
Cd-O-Be-Se,7.376000,7.376000,20.701000,1.000000,27.890000,5.150000,26.940000,26.940000,11.370000,11.370000,16.520000,16.520000,0.180000,0.180000
Cd-O-Be-Te,7.654000,7.654000,19.224000,1.000000,19.080000,13.570000,9.440000,9.440000,2.760000,2.760000,16.330000,16.330000,0.710000,0.710000
Cd-O-Mg-S,7.774000,7.774000,18.636000,1.000000,-5.760000,33.780000,192.190000,192.190000,-19.770000,-19.770000,14.010000,14.010000,-5.860000,-5.860000
Cd-O-Mg-Se,7.758000,7.758000,18.714000,1.000000,-26.580000,3.620000,-26.090000,-26.090000,-15.100000,-15.100000,-11.480000,-11.480000,-0.140000,-0.140000
Cd-O-Mg-Te,7.889000,7.889000,18.098000,1.000000,-61.810000,-49.900000,-21.510000,-21.510000,-5.950000,-5.950000,-55.860000,-55.860000,0.810000,0.810000
Cd-O-Sr-S,7.858000,7.858000,18.239000,1.000000,-24.270000,-36.800000,31.530000,31.530000,6.260000,6.260000,-30.530000,-30.530000,1.520000,1.520000
Cd-O-Sr-Se,7.891000,7.891000,18.086000,1.000000,-6.270000,-44.910000,315.290000,315.290000,19.320000,19.320000,-25.590000,-25.590000,7.160000,7.160000
Cd-O-Sr-Te,,,,,,,,,,,,,,
Cd-O-Zn-S,7.585000,7.585000,19.576000,1.000000,31.190000,25.680000,10.040000,10.040000,2.750000,2.750000,28.430000,28.430000,0.820000,0.820000
Cd-O-Zn-Se,7.665000,7.665000,19.168000,1.000000,37.540000,26.190000,19.260000,19.260000,5.670000,5.670000,31.870000,31.870000,0.700000,0.700000
Cd-O-Zn-Te,7.819000,7.819000,18.421000,1.000000,-17.400000,-3.570000,-16.660000,-16.660000,-6.910000,-6.910000,-10.490000,-10.490000,0.210000,0.210000
Cd-S-Ba-O,8.530000,8.530000,15.478000,1.000000,23.230000,15.760000,12.540000,12.540000,3.730000,3.730000,19.490000,19.490000,0.680000,0.680000
Cd-S-Ba-Se,8.890000,8.890000,14.251000,1.000000,13.830000,25.710000,-33.960000,-33.960000,-5.940000,-5.940000,19.770000,19.770000,1.860000,1.860000
Cd-S-Ba-Te,10.414000,10.414000,10.385000,1.000000,-2.930000,-8.710000,22.990000,22.990000,2.890000,2.890000,-5.820000,-5.820000,2.980000,2.980000
Cd-S-Be-O,6.693000,6.693000,25.146000,1.000000,-33.700000,93.270000,224.470000,224.470000,-63.490000,-63.490000,29.790000,29.790000,-2.770000,-2.770000
Cd-S-Be-Se,7.777000,7.777000,18.625000,1.000000,16.540000,2.770000,16.080000,16.080000,6.880000,6.880000,9.660000,9.660000,0.170000,0.170000
Cd-S-Be-Te,8.207000,8.207000,16.723000,1.000000,12.700000,0.290000,12.700000,12.700000,6.210000,6.210000,6.500000,6.500000,0.020000,0.020000
Cd-Se-Ba-O,8.664000,8.664000,15.004000,1.000000,32.820000,23.770000,15.620000,15.620000,4.530000,4.530000,28.290000,28.290000,0.720000,0.720000
Cd-Se-Ba-S,9.205000,9.205000,13.292000,1.000000,-2.060000,37.070000,664.760000,664.760000,-19.570000,-19.570000,17.510000,17.510000,-17.990000,-17.990000
Cd-Se-Ba-Te,9.187000,9.187000,13.344000,1.000000,-17.730000,6.620000,-15.250000,-15.250000,-12.180000,-12.180000,-5.550000,-5.550000,-0.370000,-0.370000
Cd-Se-Be-O,6.522000,6.522000,26.476000,1.000000,-56.490000,10.000000,-54.710000,-54.710000,-33.240000,-33.240000,-23.240000,-23.240000,-0.180000,-0.180000
Cd-Se-Be-S,7.056000,7.056000,22.625000,1.000000,65.390000,16.750000,61.090000,61.090000,24.320000,24.320000,41.070000,41.070000,0.260000,0.260000
Cd-Se-Be-Te,8.309000,8.309000,16.315000,1.000000,22.910000,6.490000,21.080000,21.080000,8.210000,8.210000,14.700000,14.700000,0.280000,0.280000
Cd-Se-Mg-O,7.032000,7.032000,22.777000,1.000000,50.330000,7.210000,49.300000,49.300000,21.560000,21.560000,28.770000,28.770000,0.140000,0.140000
Cd-Se-Mg-S,8.390000,8.390000,15.999000,1.000000,-7.930000,22.940000,58.500000,58.500000,-15.430000,-15.430000,7.510000,7.510000,-2.900000,-2.900000
Cd-Se-Mg-Te,8.990000,8.990000,13.935000,1.000000,4.290000,9.590000,-17.140000,-17.140000,-2.650000,-2.650000,6.940000,6.940000,2.230000,2.230000
Cd-Se-Sr-O,8.288000,8.288000,16.399000,1.000000,12.260000,12.040000,0.420000,0.420000,0.110000,0.110000,12.150000,12.150000,0.980000,0.980000
Cd-Se-Sr-S,9.134000,9.134000,13.499000,1.000000,-4.050000,52.110000,666.170000,666.170000,-28.080000,-28.080000,24.030000,24.030000,-12.860000,-12.860000
Cd-Se-Sr-Te,9.095000,9.095000,13.617000,1.000000,-14.470000,0.100000,-14.470000,-14.470000,-7.290000,-7.290000,-7.190000,-7.190000,-0.010000,-0.010000
Cd-Se-Zn-O,7.178000,7.178000,21.857000,1.000000,-40.640000,-36.480000,-7.900000,-7.900000,-2.080000,-2.080000,-38.560000,-38.560000,0.900000,0.900000
Cd-Se-Zn-S,8.107000,8.107000,17.139000,1.000000,16.140000,0.060000,16.140000,16.140000,8.040000,8.040000,8.100000,8.100000,0.000000,0.000000
Cd-Se-Zn-Te,8.695000,8.695000,14.896000,1.000000,32.180000,4.830000,31.450000,31.450000,13.670000,13.670000,18.510000,18.510000,0.150000,0.150000
Cd-S-Mg-O,7.323000,7.323000,21.004000,1.000000,-92.900000,-56.740000,-58.240000,-58.240000,-18.080000,-18.080000,-74.820000,-74.820000,0.610000,0.610000
Cd-S-Mg-Se,8.510000,8.510000,15.552000,1.000000,15.550000,39.050000,-82.570000,-82.570000,-11.750000,-11.750000,27.300000,27.300000,2.510000,2.510000
Cd-S-Mg-Te,8.707000,8.707000,14.858000,1.000000,10.450000,60.660000,-341.540000,-341.540000,-25.100000,-25.100000,35.560000,35.560000,5.800000,5.800000
Cd-S-Sr-O,8.244000,8.244000,16.570000,1.000000,44.940000,35.600000,16.740000,16.740000,4.670000,4.670000,40.270000,40.270000,0.790000,0.790000
Cd-S-Sr-Se,8.852000,8.852000,14.373000,1.000000,7.660000,-8.980000,-2.870000,-2.870000,8.320000,8.320000,-0.660000,-0.660000,-1.170000,-1.170000
Cd-S-Sr-Te,8.744000,8.744000,14.730000,1.000000,9.710000,-21.340000,-37.210000,-37.210000,15.530000,15.530000,-5.820000,-5.820000,-2.200000,-2.200000
Cd-S-Zn-O,7.236000,7.236000,21.509000,1.000000,-11.720000,25.620000,44.310000,44.310000,-18.670000,-18.670000,6.950000,6.950000,-2.190000,-2.190000
Cd-S-Zn-Se,8.280000,8.280000,16.430000,1.000000,16.030000,1.380000,15.910000,15.910000,7.330000,7.330000,8.710000,8.710000,0.090000,0.090000
Cd-S-Zn-Te,8.561000,8.561000,15.366000,1.000000,27.830000,23.240000,8.420000,8.420000,2.290000,2.290000,25.530000,25.530000,0.840000,0.840000
Cd-Te-Ba-O,8.825000,8.825000,14.461000,1.000000,27.560000,16.210000,18.030000,18.030000,5.680000,5.680000,21.890000,21.890000,0.590000,0.590000
Cd-Te-Ba-S,9.639000,9.639000,12.122000,1.000000,-20.130000,24.600000,9.940000,9.940000,-22.360000,-22.360000,2.240000,2.240000,-1.220000,-1.220000
Cd-Te-Ba-Se,9.699000,9.699000,11.972000,1.000000,13.030000,5.700000,10.540000,10.540000,3.670000,3.670000,9.360000,9.360000,0.440000,0.440000
Cd-Te-Be-O,6.498000,6.498000,26.674000,1.000000,-51.520000,-22.750000,-41.470000,-41.470000,-14.380000,-14.380000,-37.140000,-37.140000,0.440000,0.440000
Cd-Te-Be-S,6.697000,6.697000,25.113000,1.000000,106.700000,66.490000,65.260000,65.260000,20.100000,20.100000,86.590000,86.590000,0.620000,0.620000
Cd-Te-Be-Se,7.417000,7.417000,20.473000,1.000000,43.230000,13.300000,39.140000,39.140000,14.960000,14.960000,28.270000,28.270000,0.310000,0.310000
Cd-Te-Mg-O,6.793000,6.793000,24.406000,1.000000,76.470000,49.180000,44.840000,44.840000,13.640000,13.640000,62.820000,62.820000,0.640000,0.640000
Cd-Te-Mg-S,8.590000,8.590000,15.266000,1.000000,26.060000,-4.190000,25.390000,25.390000,15.130000,15.130000,10.930000,10.930000,-0.160000,-0.160000
Cd-Te-Mg-Se,8.860000,8.860000,14.348000,1.000000,-1.010000,5.130000,25.100000,25.100000,-3.070000,-3.070000,2.060000,2.060000,-5.080000,-5.080000
Cd-Te-Sr-O,8.450000,8.450000,15.775000,1.000000,12.720000,26.040000,-40.610000,-40.610000,-6.660000,-6.660000,19.380000,19.380000,2.050000,2.050000
Cd-Te-Sr-S,9.472000,9.472000,12.554000,1.000000,-31.160000,1.200000,-31.120000,-31.120000,-16.180000,-16.180000,-14.980000,-14.980000,-0.040000,-0.040000
Cd-Te-Sr-Se,9.587000,9.587000,12.254000,156.000000,61.860000,21.330000,54.500000,54.500000,20.260000,20.260000,41.590000,41.590000,0.340000,0.340000
Cd-Te-Zn-O,6.813000,6.813000,24.265000,1.000000,69.230000,26.520000,59.080000,59.080000,21.360000,21.360000,47.880000,47.880000,0.380000,0.380000
Cd-Te-Zn-S,8.243000,8.243000,16.574000,1.000000,-7.160000,13.780000,19.350000,19.350000,-10.470000,-10.470000,3.310000,3.310000,-1.920000,-1.920000
Cd-Te-Zn-Se,8.570000,8.570000,15.335000,1.000000,4.450000,3.590000,1.550000,1.550000,0.430000,0.430000,4.020000,4.020000,0.810000,0.810000
Mg-O-Ba-S,7.427000,7.427000,20.418000,1.000000,-37.590000,59.250000,55.830000,55.830000,-48.420000,-48.420000,10.830000,10.830000,-1.580000,-1.580000
Mg-O-Ba-Se,7.444000,7.444000,20.326000,1.000000,-128.830000,-78.740000,-80.710000,-80.710000,-25.050000,-25.050000,-103.790000,-103.790000,0.610000,0.610000
Mg-O-Ba-Te,7.121000,7.121000,22.211000,1.000000,89.330000,45.610000,66.040000,66.040000,21.860000,21.860000,67.470000,67.470000,0.510000,0.510000
Mg-O-Be-S,6.907000,6.907000,23.609000,1.000000,76.380000,39.190000,56.280000,56.280000,18.600000,18.600000,57.780000,57.780000,0.510000,0.510000
Mg-O-Be-Se,7.097000,7.097000,22.362000,1.000000,78.480000,40.050000,58.040000,58.040000,19.210000,19.210000,59.260000,59.260000,0.510000,0.510000
Mg-O-Be-Te,7.322000,7.322000,21.009000,1.000000,-86.970000,-89.900000,5.950000,5.950000,1.460000,1.460000,-88.440000,-88.440000,1.030000,1.030000
Mg-O-Cd-S,7.320000,7.320000,21.021000,1.000000,-36.820000,-41.350000,9.630000,9.630000,2.270000,2.270000,-39.090000,-39.090000,1.120000,1.120000
Mg-O-Cd-Se,7.040000,7.040000,22.723000,1.000000,0.830000,-4.580000,-24.480000,-24.480000,2.700000,2.700000,-1.870000,-1.870000,-5.530000,-5.530000
Mg-O-Cd-Te,6.793000,6.793000,24.411000,1.000000,74.870000,25.510000,66.170000,66.170000,24.680000,24.680000,50.190000,50.190000,0.340000,0.340000
Mg-O-Sr-S,7.375000,7.375000,20.706000,1.000000,-26.760000,11.180000,-22.100000,-22.100000,-18.970000,-18.970000,-7.790000,-7.790000,-0.420000,-0.420000
Mg-O-Sr-Se,7.540000,7.540000,19.809000,1.000000,-32.310000,62.580000,88.900000,88.900000,-47.450000,-47.450000,15.140000,15.140000,-1.940000,-1.940000
Mg-O-Sr-Te,7.101000,7.101000,22.337000,1.000000,17.340000,-20.270000,-6.350000,-6.350000,18.810000,18.810000,-1.460000,-1.460000,-1.170000,-1.170000
Mg-O-Zn-S,7.230000,7.230000,21.549000,1.000000,19.610000,24.310000,-10.540000,-10.540000,-2.350000,-2.350000,21.960000,21.960000,1.240000,1.240000
Mg-O-Zn-Se,7.606000,7.606000,19.469000,1.000000,-10.670000,-23.000000,38.920000,38.920000,6.170000,6.170000,-16.830000,-16.830000,2.160000,2.160000
Mg-O-Zn-Te,7.516000,7.516000,19.939000,1.000000,-63.930000,-57.550000,-12.120000,-12.120000,-3.190000,-3.190000,-60.740000,-60.740000,0.900000,0.900000
Mg-S-Ba-O,8.371000,8.371000,16.073000,1.000000,45.380000,45.450000,-0.140000,-0.140000,-0.030000,-0.030000,45.420000,45.420000,1.000000,1.000000
Mg-S-Ba-Se,8.581000,8.581000,15.295000,1.000000,-15.360000,-27.250000,32.960000,32.960000,5.940000,5.940000,-21.310000,-21.310000,1.770000,1.770000
Mg-S-Ba-Te,8.616000,8.616000,15.171000,1.000000,4.350000,14.160000,-41.750000,-41.750000,-4.900000,-4.900000,9.250000,9.250000,3.260000,3.260000
Mg-S-Be-O,7.393000,7.393000,20.606000,1.000000,-18.470000,22.290000,8.440000,8.440000,-20.380000,-20.380000,1.910000,1.910000,-1.210000,-1.210000
Mg-S-Be-Se,7.724000,7.724000,18.879000,1.000000,25.530000,10.990000,20.790000,20.790000,7.270000,7.270000,18.260000,18.260000,0.430000,0.430000
Mg-S-Be-Te,8.080000,8.080000,17.250000,1.000000,49.860000,21.890000,40.250000,40.250000,13.990000,13.990000,35.880000,35.880000,0.440000,0.440000
Mg-S-Cd-O,7.774000,7.774000,18.636000,1.000000,21.550000,-9.290000,17.540000,17.540000,15.420000,15.420000,6.130000,6.130000,-0.430000,-0.430000
Mg-S-Cd-Se,8.391000,8.391000,15.997000,1.000000,21.330000,1.200000,21.260000,21.260000,10.060000,10.060000,11.260000,11.260000,0.060000,0.060000
Mg-S-Cd-Te,8.587000,8.587000,15.274000,1.000000,-11.290000,9.390000,-3.480000,-3.480000,-10.340000,-10.340000,-0.950000,-0.950000,-0.830000,-0.830000
Mg-Se-Ba-O,8.571000,8.571000,15.331000,1.000000,-16.610000,-12.860000,-6.650000,-6.650000,-1.870000,-1.870000,-14.730000,-14.730000,0.770000,0.770000
Mg-Se-Ba-S,9.000000,9.000000,13.905000,1.000000,20.960000,-13.540000,12.210000,12.210000,17.250000,17.250000,3.710000,3.710000,-0.650000,-0.650000
Mg-Se-Ba-Te,8.993000,8.993000,13.927000,1.000000,-12.240000,-7.090000,-8.120000,-8.120000,-2.570000,-2.570000,-9.660000,-9.660000,0.580000,0.580000
Mg-Se-Be-O,6.558000,6.558000,26.188000,1.000000,-89.830000,53.380000,-58.110000,-58.110000,-71.600000,-71.600000,-18.220000,-18.220000,-0.590000,-0.590000
Mg-Se-Be-S,7.470000,7.470000,20.183000,1.000000,-41.950000,-23.880000,-28.360000,-28.360000,-9.040000,-9.040000,-32.920000,-32.920000,0.570000,0.570000
Mg-Se-Be-Te,8.253000,8.253000,16.535000,1.000000,26.180000,11.720000,20.940000,20.940000,7.230000,7.230000,18.950000,18.950000,0.450000,0.450000
Mg-Se-Cd-O,7.758000,7.758000,18.715000,1.000000,-32.100000,-1.250000,-32.050000,-32.050000,-15.420000,-15.420000,-16.670000,-16.670000,0.040000,0.040000
Mg-Se-Cd-S,8.509000,8.509000,15.557000,1.000000,7.940000,46.870000,-268.630000,-268.630000,-19.460000,-19.460000,27.410000,27.410000,5.900000,5.900000
Mg-Se-Cd-Te,8.859000,8.859000,14.351000,1.000000,39.180000,3.790000,38.810000,38.810000,17.690000,17.690000,21.480000,21.480000,0.100000,0.100000
Mg-Se-Sr-O,8.254000,8.254000,16.531000,1.000000,21.110000,20.630000,0.950000,0.950000,0.240000,0.240000,20.870000,20.870000,0.980000,0.980000
Mg-Se-Sr-S,9.023000,9.023000,13.835000,1.000000,-32.200000,11.100000,-28.370000,-28.370000,-21.650000,-21.650000,-10.550000,-10.550000,-0.340000,-0.340000
Mg-Se-Sr-Te,8.933000,8.933000,14.114000,1.000000,-4.640000,4.800000,0.340000,0.340000,-4.720000,-4.720000,0.080000,0.080000,-1.040000,-1.040000
Mg-Se-Zn-O,7.829000,7.829000,18.375000,1.000000,-44.850000,-31.080000,-23.300000,-23.300000,-6.880000,-6.880000,-37.960000,-37.960000,0.690000,0.690000
Mg-Se-Zn-S,8.051000,8.051000,17.377000,1.000000,-2.310000,-14.360000,86.950000,86.950000,6.030000,6.030000,-8.340000,-8.340000,6.210000,6.210000
Mg-Se-Zn-Te,8.627000,8.627000,15.132000,1.000000,19.190000,15.900000,6.020000,6.020000,1.650000,1.650000,17.550000,17.550000,0.830000,0.830000
Mg-S-Sr-O,8.119000,8.119000,17.087000,1.000000,28.260000,29.960000,-3.510000,-3.510000,-0.850000,-0.850000,29.110000,29.110000,1.060000,1.060000
Mg-S-Sr-Se,8.587000,8.587000,15.273000,1.000000,-29.100000,-41.740000,30.750000,30.750000,6.320000,6.320000,-35.420000,-35.420000,1.430000,1.430000
Mg-S-Sr-Te,8.528000,8.528000,15.486000,1.000000,36.160000,13.370000,31.220000,31.220000,11.390000,11.390000,24.770000,24.770000,0.370000,0.370000
Mg-S-Zn-O,7.553000,7.553000,19.745000,1.000000,-87.930000,-36.580000,-72.710000,-72.710000,-25.680000,-25.680000,-62.250000,-62.250000,0.420000,0.420000
Mg-S-Zn-Se,8.127000,8.127000,17.051000,1.000000,34.120000,28.510000,10.290000,10.290000,2.800000,2.800000,31.320000,31.320000,0.840000,0.840000
Mg-S-Zn-Te,8.389000,8.389000,16.006000,1.000000,25.460000,24.410000,2.060000,2.060000,0.520000,0.520000,24.940000,24.940000,0.960000,0.960000
Mg-Te-Ba-O,8.765000,8.765000,14.662000,1.000000,48.450000,33.480000,25.310000,25.310000,7.480000,7.480000,40.960000,40.960000,0.690000,0.690000
Mg-Te-Ba-S,9.561000,9.561000,12.321000,1.000000,14.830000,-22.160000,-18.300000,-18.300000,18.500000,18.500000,-3.670000,-3.670000,-1.490000,-1.490000
Mg-Te-Ba-Se,9.610000,9.610000,12.197000,1.000000,-0.680000,-5.400000,42.380000,42.380000,2.360000,2.360000,-3.040000,-3.040000,7.970000,7.970000
Mg-Te-Be-O,6.487000,6.487000,26.768000,1.000000,-140.390000,52.840000,-120.500000,-120.500000,-96.620000,-96.620000,-43.770000,-43.770000,-0.380000,-0.380000
Mg-Te-Be-S,6.846000,6.846000,24.035000,1.000000,67.690000,-3.830000,67.470000,67.470000,35.760000,35.760000,31.930000,31.930000,-0.060000,-0.060000
Mg-Te-Be-Se,7.550000,7.550000,19.759000,1.000000,2.110000,3.660000,-4.240000,-4.240000,-0.780000,-0.780000,2.880000,2.880000,1.740000,1.740000
Mg-Te-Cd-O,7.889000,7.889000,18.096000,1.000000,20.390000,-11.040000,14.420000,14.420000,15.720000,15.720000,4.680000,4.680000,-0.540000,-0.540000
Mg-Te-Cd-S,8.707000,8.707000,14.858000,1.000000,13.830000,4.080000,12.630000,12.630000,4.870000,4.870000,8.960000,8.960000,0.300000,0.300000
Mg-Te-Cd-Se,8.990000,8.990000,13.935000,1.000000,50.750000,0.370000,50.750000,50.750000,25.190000,25.190000,25.560000,25.560000,0.010000,0.010000
Mg-Te-Sr-O,8.376000,8.376000,16.052000,1.000000,-26.090000,-10.790000,-21.630000,-21.630000,-7.650000,-7.650000,-18.440000,-18.440000,0.410000,0.410000
Mg-Te-Sr-S,9.442000,9.442000,12.634000,1.000000,-32.150000,-0.080000,-32.150000,-32.150000,-16.040000,-16.040000,-16.110000,-16.110000,0.000000,0.000000
Mg-Te-Sr-Se,9.545000,9.545000,12.363000,1.000000,8.410000,-32.320000,-115.860000,-115.860000,20.370000,20.370000,-11.960000,-11.960000,-3.840000,-3.840000
Mg-Te-Zn-O,6.908000,6.908000,23.603000,1.000000,30.710000,8.360000,28.430000,28.430000,11.170000,11.170000,19.540000,19.540000,0.270000,0.270000
Mg-Te-Zn-S,8.190000,8.190000,16.793000,1.000000,-25.910000,-18.740000,-12.370000,-12.370000,-3.590000,-3.590000,-22.320000,-22.320000,0.720000,0.720000
Mg-Te-Zn-Se,8.489000,8.489000,15.631000,1.000000,-25.480000,29.190000,7.940000,7.940000,-27.330000,-27.330000,1.850000,1.850000,-1.150000,-1.150000
Sr-O-Ba-S,8.363000,8.363000,16.106000,1.000000,36.860000,6.760000,35.630000,35.630000,15.050000,15.050000,21.810000,21.810000,0.180000,0.180000
Sr-O-Ba-Se,8.437000,8.437000,15.822000,1.000000,-23.310000,5.430000,-22.050000,-22.050000,-14.370000,-14.370000,-8.940000,-8.940000,-0.230000,-0.230000
Sr-O-Ba-Te,8.593000,8.593000,15.254000,1.000000,-8.510000,-16.020000,21.620000,21.620000,3.750000,3.750000,-12.270000,-12.270000,1.880000,1.880000
Sr-O-Be-S,7.622000,7.622000,19.386000,1.000000,-96.090000,-31.740000,-85.600000,-85.600000,-32.170000,-32.170000,-63.910000,-63.910000,0.330000,0.330000
Sr-O-Be-Se,7.767000,7.767000,18.671000,1.000000,36.150000,12.630000,31.730000,31.730000,11.760000,11.760000,24.390000,24.390000,0.350000,0.350000
Sr-O-Be-Te,8.048000,8.048000,17.390000,1.000000,44.550000,27.470000,27.610000,27.610000,8.540000,8.540000,36.010000,36.010000,0.620000,0.620000
Sr-O-Cd-S,8.243000,8.243000,16.576000,1.000000,27.190000,26.750000,0.870000,0.870000,0.220000,0.220000,26.970000,26.970000,0.980000,0.980000
Sr-O-Cd-Se,8.286000,8.286000,16.405000,1.000000,29.760000,11.180000,25.550000,25.550000,9.290000,9.290000,20.470000,20.470000,0.380000,0.380000
Sr-O-Cd-Te,8.450000,8.450000,15.775000,1.000000,-12.640000,-20.480000,20.550000,20.550000,3.920000,3.920000,-16.560000,-16.560000,1.620000,1.620000
Sr-O-Mg-S,8.118000,8.118000,17.089000,1.000000,69.420000,53.060000,28.860000,28.860000,8.180000,8.180000,61.240000,61.240000,0.760000,0.760000
Sr-O-Mg-Se,8.263000,8.263000,16.497000,1.000000,16.120000,10.640000,9.090000,9.090000,2.740000,2.740000,13.380000,13.380000,0.660000,0.660000
Sr-O-Mg-Te,8.376000,8.376000,16.054000,1.000000,10.560000,-2.630000,9.910000,9.910000,6.600000,6.600000,3.970000,3.970000,-0.250000,-0.250000
Sr-O-Zn-S,7.933000,7.933000,17.895000,1.000000,28.920000,4.470000,28.220000,28.220000,12.220000,12.220000,16.690000,16.690000,0.150000,0.150000
Sr-O-Zn-Se,8.107000,8.107000,17.138000,1.000000,30.170000,15.840000,21.850000,21.850000,7.170000,7.170000,23.000000,23.000000,0.520000,0.520000
Sr-O-Zn-Te,8.323000,8.323000,16.261000,1.000000,16.610000,8.360000,12.410000,12.410000,4.130000,4.130000,12.490000,12.490000,0.500000,0.500000
Sr-S-Ba-O,8.740000,8.740000,14.743000,1.000000,-24.040000,77.620000,226.600000,226.600000,-50.830000,-50.830000,26.790000,26.790000,-3.230000,-3.230000
Sr-S-Ba-Se,9.848000,9.848000,11.614000,1.000000,-6.550000,-1.700000,-6.110000,-6.110000,-2.420000,-2.420000,-4.120000,-4.120000,0.260000,0.260000
Sr-S-Ba-Te,9.954000,9.954000,11.368000,1.000000,21.630000,0.760000,21.600000,21.600000,10.440000,10.440000,11.200000,11.200000,0.040000,0.040000
Sr-S-Be-O,7.209000,7.209000,21.675000,1.000000,28.110000,-36.000000,-17.990000,-17.990000,32.050000,32.050000,-3.940000,-3.940000,-1.280000,-1.280000
Sr-S-Be-Se,7.915000,7.915000,17.979000,1.000000,-56.120000,22.270000,-47.280000,-47.280000,-39.200000,-39.200000,-16.930000,-16.930000,-0.400000,-0.400000
Sr-S-Be-Te,8.518000,8.518000,15.524000,1.000000,24.050000,-41.180000,-46.470000,-46.470000,32.610000,32.610000,-8.570000,-8.570000,-1.710000,-1.710000
Sr-S-Cd-O,7.851000,7.851000,18.275000,1.000000,2.290000,19.740000,-167.730000,-167.730000,-8.720000,-8.720000,11.020000,11.020000,8.610000,8.610000
Sr-S-Cd-Se,9.135000,9.135000,13.497000,1.000000,8.420000,-28.270000,-86.450000,-86.450000,18.340000,18.340000,-9.920000,-9.920000,-3.360000,-3.360000
Sr-S-Cd-Te,9.469000,9.469000,12.562000,1.000000,20.160000,10.180000,15.010000,15.010000,4.990000,4.990000,15.170000,15.170000,0.510000,0.510000
Sr-Se-Ba-O,8.755000,8.755000,14.696000,1.000000,-20.060000,-11.510000,-13.450000,-13.450000,-4.270000,-4.270000,-15.780000,-15.780000,0.570000,0.570000
Sr-Se-Ba-S,9.938000,9.938000,11.405000,1.000000,4.870000,7.310000,-6.090000,-6.090000,-1.220000,-1.220000,6.090000,6.090000,1.500000,1.500000
Sr-Se-Ba-Te,10.172000,10.172000,10.884000,1.000000,4.710000,15.080000,-43.490000,-43.490000,-5.180000,-5.180000,9.900000,9.900000,3.200000,3.200000
Sr-Se-Be-O,6.678000,6.678000,25.254000,1.000000,-169.430000,58.690000,-149.100000,-149.100000,-114.060000,-114.060000,-55.370000,-55.370000,-0.350000,-0.350000
Sr-Se-Be-S,7.482000,7.482000,20.122000,1.000000,-43.740000,-79.470000,100.620000,100.620000,17.860000,17.860000,-61.610000,-61.610000,1.820000,1.820000
Sr-Se-Be-Te,8.509000,8.509000,15.557000,1.000000,-55.050000,8.320000,-53.790000,-53.790000,-31.680000,-31.680000,-23.360000,-23.360000,-0.150000,-0.150000
Sr-Se-Cd-O,7.890000,7.890000,18.092000,1.000000,-7.360000,-3.610000,-5.580000,-5.580000,-1.870000,-1.870000,-5.480000,-5.480000,0.490000,0.490000
Sr-Se-Cd-S,8.847000,8.847000,14.390000,1.000000,-21.020000,21.200000,0.380000,0.380000,-21.110000,-21.110000,0.090000,0.090000,-1.010000,-1.010000
Sr-Se-Cd-Te,9.592000,9.592000,12.241000,1.000000,-36.650000,1.630000,-36.580000,-36.580000,-19.140000,-19.140000,-17.510000,-17.510000,-0.040000,-0.040000
Sr-Se-Mg-O,7.402000,7.402000,20.557000,1.000000,-75.890000,-23.260000,-68.760000,-68.760000,-26.320000,-26.320000,-49.570000,-49.570000,0.310000,0.310000
Sr-Se-Mg-S,8.584000,8.584000,15.284000,1.000000,18.400000,31.420000,-35.230000,-35.230000,-6.510000,-6.510000,24.910000,24.910000,1.710000,1.710000
Sr-Se-Mg-Te,9.542000,9.542000,12.371000,1.000000,-26.990000,11.690000,-21.920000,-21.920000,-19.340000,-19.340000,-7.650000,-7.650000,-0.430000,-0.430000
Sr-Se-Zn-O,7.314000,7.314000,21.052000,1.000000,-58.930000,20.420000,-51.850000,-51.850000,-39.670000,-39.670000,-19.250000,-19.250000,-0.350000,-0.350000
Sr-Se-Zn-S,8.261000,8.261000,16.505000,1.000000,-12.640000,-5.140000,-10.550000,-10.550000,-3.750000,-3.750000,-8.890000,-8.890000,0.410000,0.410000
Sr-Se-Zn-Te,9.169000,9.169000,13.399000,1.000000,-0.310000,30.480000,3020.360000,3020.360000,-15.390000,-15.390000,15.090000,15.090000,-99.110000,-99.110000
Sr-S-Mg-O,7.374000,7.374000,20.711000,1.000000,-33.700000,56.340000,60.490000,60.490000,-45.020000,-45.020000,11.320000,11.320000,-1.670000,-1.670000
Sr-S-Mg-Se,9.020000,9.020000,13.845000,1.000000,47.450000,3.620000,47.180000,47.180000,21.920000,21.920000,25.540000,25.540000,0.080000,0.080000
Sr-S-Mg-Te,9.443000,9.443000,12.631000,1.000000,42.970000,1.140000,42.940000,42.940000,20.920000,20.920000,22.050000,22.050000,0.030000,0.030000
Sr-S-Zn-O,7.339000,7.339000,20.911000,1.000000,-26.650000,0.900000,-26.620000,-26.620000,-13.770000,-13.770000,-12.880000,-12.880000,-0.030000,-0.030000
Sr-S-Zn-Se,8.652000,8.652000,15.047000,1.000000,12.790000,30.070000,-57.950000,-57.950000,-8.640000,-8.640000,21.430000,21.430000,2.350000,2.350000
Sr-S-Zn-Te,9.135000,9.135000,13.497000,1.000000,3.630000,0.160000,3.630000,3.630000,1.740000,1.740000,1.900000,1.900000,0.040000,0.040000
Sr-Te-Ba-O,8.908000,8.908000,14.193000,1.000000,26.730000,18.640000,13.740000,13.740000,4.050000,4.050000,22.680000,22.680000,0.700000,0.700000
Sr-Te-Ba-S,10.106000,10.106000,11.027000,1.000000,17.530000,-3.830000,16.690000,16.690000,10.680000,10.680000,6.850000,6.850000,-0.220000,-0.220000
Sr-Te-Ba-Se,10.240000,10.240000,10.741000,1.000000,-3.520000,-7.710000,13.380000,13.380000,2.100000,2.100000,-5.620000,-5.620000,2.190000,2.190000
Sr-Te-Be-O,8.294000,8.294000,16.372000,1.000000,-16.300000,-27.660000,30.640000,30.640000,5.680000,5.680000,-21.980000,-21.980000,1.700000,1.700000
Sr-Te-Be-S,7.113000,7.113000,22.261000,1.000000,64.540000,32.150000,48.530000,48.530000,16.200000,16.200000,48.350000,48.350000,0.500000,0.500000
Sr-Te-Be-Se,7.790000,7.790000,18.561000,1.000000,-12.800000,17.980000,12.460000,12.460000,-15.390000,-15.390000,2.590000,2.590000,-1.400000,-1.400000
Sr-Te-Cd-O,10.438000,10.438000,10.338000,1.000000,5.760000,6.690000,-2.010000,-2.010000,-0.460000,-0.460000,6.230000,6.230000,1.160000,1.160000
Sr-Te-Cd-S,8.751000,8.751000,14.709000,1.000000,-11.270000,-10.290000,-1.890000,-1.890000,-0.490000,-0.490000,-10.780000,-10.780000,0.910000,0.910000
Sr-Te-Cd-Se,9.109000,9.109000,13.575000,1.000000,-19.460000,-29.770000,26.090000,26.090000,5.160000,5.160000,-24.610000,-24.610000,1.530000,1.530000
Sr-Te-Mg-O,7.101000,7.101000,22.338000,1.000000,25.650000,-25.830000,-0.360000,-0.360000,25.740000,25.740000,-0.090000,-0.090000,-1.010000,-1.010000
Sr-Te-Mg-S,8.534000,8.534000,15.464000,1.000000,-21.200000,25.860000,10.340000,10.340000,-23.530000,-23.530000,2.330000,2.330000,-1.220000,-1.220000
Sr-Te-Mg-Se,8.932000,8.932000,14.116000,1.000000,-25.040000,2.690000,-24.750000,-24.750000,-13.870000,-13.870000,-11.170000,-11.170000,-0.110000,-0.110000
Sr-Te-Zn-O,8.588000,8.588000,15.271000,1.000000,42.610000,25.020000,27.910000,27.910000,8.790000,8.790000,33.820000,33.820000,0.590000,0.590000
Sr-Te-Zn-S,9.762000,9.762000,11.818000,1.000000,9.450000,3.090000,8.440000,8.440000,3.180000,3.180000,6.270000,6.270000,0.330000,0.330000
Sr-Te-Zn-Se,8.634000,8.634000,15.108000,1.000000,-12.120000,11.550000,-1.120000,-1.120000,-11.830000,-11.830000,-0.290000,-0.290000,-0.950000,-0.950000
Zn-O-Ba-S,7.430000,7.430000,20.401000,1.000000,-27.900000,0.660000,-27.880000,-27.880000,-14.280000,-14.280000,-13.620000,-13.620000,-0.020000,-0.020000
Zn-O-Ba-Se,9.172000,9.172000,13.387000,1.000000,14.280000,17.660000,-7.570000,-7.570000,-1.690000,-1.690000,15.970000,15.970000,1.240000,1.240000
Zn-O-Ba-Te,7.079000,7.079000,22.473000,1.000000,-35.470000,-45.040000,21.740000,21.740000,4.790000,4.790000,-40.250000,-40.250000,1.270000,1.270000
Zn-O-Be-S,6.915000,6.915000,23.554000,1.000000,60.490000,30.880000,44.720000,44.720000,14.800000,14.800000,45.680000,45.680000,0.510000,0.510000
Zn-O-Be-Se,7.085000,7.085000,22.436000,1.000000,69.100000,35.720000,50.630000,50.630000,16.690000,16.690000,52.410000,52.410000,0.520000,0.520000
Zn-O-Be-Te,7.306000,7.306000,21.102000,1.000000,-57.260000,-55.000000,-4.420000,-4.420000,-1.130000,-1.130000,-56.130000,-56.130000,0.960000,0.960000
Zn-O-Cd-S,7.244000,7.244000,21.463000,1.000000,-87.300000,-60.550000,-45.290000,-45.290000,-13.370000,-13.370000,-73.930000,-73.930000,0.690000,0.690000
Zn-O-Cd-Se,7.178000,7.178000,21.861000,1.000000,-64.420000,-73.530000,19.510000,19.510000,4.550000,4.550000,-68.970000,-68.970000,1.140000,1.140000
Zn-O-Cd-Te,6.814000,6.814000,24.257000,1.000000,57.740000,13.980000,54.350000,54.350000,21.880000,21.880000,35.860000,35.860000,0.240000,0.240000
Zn-O-Mg-S,7.553000,7.553000,19.744000,1.000000,-33.830000,-4.900000,-33.120000,-33.120000,-14.470000,-14.470000,-19.370000,-19.370000,0.140000,0.140000
Zn-O-Mg-Se,7.830000,7.830000,18.373000,1.000000,-64.650000,-35.000000,-45.700000,-45.700000,-14.830000,-14.830000,-49.820000,-49.820000,0.540000,0.540000
Zn-O-Mg-Te,6.907000,6.907000,23.608000,1.000000,69.380000,4.390000,69.110000,69.110000,32.500000,32.500000,36.880000,36.880000,0.060000,0.060000
Zn-O-Sr-S,7.338000,7.338000,20.919000,1.000000,13.950000,31.280000,-56.220000,-56.220000,-8.670000,-8.670000,22.610000,22.610000,2.240000,2.240000
Zn-O-Sr-Se,7.315000,7.315000,21.047000,1.000000,61.300000,-24.530000,51.480000,51.480000,42.920000,42.920000,18.380000,18.380000,-0.400000,-0.400000
Zn-O-Sr-Te,8.182000,8.182000,16.824000,1.000000,6.280000,7.760000,-3.300000,-3.300000,-0.740000,-0.740000,7.020000,7.020000,1.240000,1.240000
Zn-S-Ba-O,8.145000,8.145000,16.977000,1.000000,-0.140000,12.710000,1128.700000,1128.700000,-6.420000,-6.420000,6.280000,6.280000,-88.840000,-88.840000
Zn-S-Ba-Se,8.317000,8.317000,16.281000,1.000000,19.650000,14.080000,9.550000,9.550000,2.780000,2.780000,16.860000,16.860000,0.720000,0.720000
Zn-S-Ba-Te,10.483000,10.483000,10.250000,1.000000,5.330000,4.060000,2.250000,2.250000,0.640000,0.640000,4.700000,4.700000,0.760000,0.760000
Zn-S-Be-O,6.850000,6.850000,24.000000,1.000000,-12.120000,-11.050000,-2.050000,-2.050000,-0.540000,-0.540000,-11.590000,-11.590000,0.910000,0.910000
Zn-S-Be-Se,7.525000,7.525000,19.892000,1.000000,48.590000,37.250000,20.030000,20.030000,5.670000,5.670000,42.920000,42.920000,0.770000,0.770000
Zn-S-Be-Te,7.867000,7.867000,18.201000,1.000000,39.660000,2.910000,39.440000,39.440000,18.370000,18.370000,21.290000,21.290000,0.070000,0.070000
Zn-S-Cd-O,7.585000,7.585000,19.577000,1.000000,25.400000,19.330000,10.700000,10.700000,3.040000,3.040000,22.370000,22.370000,0.760000,0.760000
Zn-S-Cd-Se,8.107000,8.107000,17.137000,1.000000,-18.760000,-37.400000,55.800000,55.800000,9.320000,9.320000,-28.080000,-28.080000,1.990000,1.990000
Zn-S-Cd-Te,8.242000,8.242000,16.580000,1.000000,-12.200000,15.350000,7.120000,7.120000,-13.770000,-13.770000,1.580000,1.580000,-1.260000,-1.260000
Zn-Se-Ba-O,8.384000,8.384000,16.025000,1.000000,31.400000,8.160000,29.280000,29.280000,11.620000,11.620000,19.780000,19.780000,0.260000,0.260000
Zn-Se-Ba-S,8.720000,8.720000,14.813000,1.000000,-52.520000,-26.310000,-39.340000,-39.340000,-13.100000,-13.100000,-39.410000,-39.410000,0.500000,0.500000
Zn-Se-Ba-Te,10.769000,10.769000,9.711000,1.000000,4.590000,2.560000,3.150000,3.150000,1.010000,1.010000,3.570000,3.570000,0.560000,0.560000
Zn-Se-Be-O,7.446000,7.446000,20.312000,1.000000,-8.770000,12.510000,9.070000,9.070000,-10.640000,-10.640000,1.870000,1.870000,-1.430000,-1.430000
Zn-Se-Be-S,7.409000,7.409000,20.517000,1.000000,-60.760000,-57.670000,-6.030000,-6.030000,-1.550000,-1.550000,-59.210000,-59.210000,0.950000,0.950000
Zn-Se-Be-Te,8.052000,8.052000,17.372000,1.000000,62.000000,8.770000,60.760000,60.760000,26.610000,26.610000,35.390000,35.390000,0.140000,0.140000
Zn-Se-Cd-O,7.664000,7.664000,19.173000,1.000000,20.540000,5.950000,18.810000,18.810000,7.290000,7.290000,13.240000,13.240000,0.290000,0.290000
Zn-Se-Cd-S,8.277000,8.277000,16.440000,1.000000,31.860000,-7.530000,30.080000,30.080000,19.690000,19.690000,12.160000,12.160000,-0.240000,-0.240000
Zn-Se-Cd-Te,8.570000,8.570000,15.334000,1.000000,13.920000,-3.130000,13.220000,13.220000,8.520000,8.520000,5.400000,5.400000,-0.220000,-0.220000
Zn-Se-Mg-O,7.606000,7.606000,19.469000,1.000000,2.020000,60.350000,-1800.580000,-1800.580000,-29.160000,-29.160000,31.180000,31.180000,29.870000,29.870000
Zn-Se-Mg-S,8.128000,8.128000,17.050000,1.000000,12.500000,17.000000,-10.630000,-10.630000,-2.250000,-2.250000,14.750000,14.750000,1.360000,1.360000
Zn-Se-Mg-Te,8.490000,8.490000,15.624000,1.000000,-19.040000,11.310000,-12.320000,-12.320000,-15.180000,-15.180000,-3.860000,-3.860000,-0.590000,-0.590000
Zn-Se-Sr-O,8.107000,8.107000,17.139000,1.000000,43.390000,29.040000,23.950000,23.950000,7.170000,7.170000,36.220000,36.220000,0.670000,0.670000
Zn-Se-Sr-S,8.653000,8.653000,15.043000,1.000000,-21.330000,21.750000,0.850000,0.850000,-21.540000,-21.540000,0.210000,0.210000,-1.020000,-1.020000
Zn-Se-Sr-Te,8.634000,8.634000,15.110000,1.000000,9.750000,3.180000,8.720000,8.720000,3.290000,3.290000,6.470000,6.470000,0.330000,0.330000
Zn-S-Mg-O,7.230000,7.230000,21.544000,1.000000,-37.810000,-56.210000,45.760000,45.760000,9.200000,9.200000,-47.010000,-47.010000,1.490000,1.490000
Zn-S-Mg-Se,8.049000,8.049000,17.384000,1.000000,29.650000,14.680000,22.380000,22.380000,7.480000,7.480000,22.170000,22.170000,0.500000,0.500000
Zn-S-Mg-Te,8.190000,8.190000,16.793000,1.000000,-28.650000,5.950000,-27.410000,-27.410000,-17.300000,-17.300000,-11.350000,-11.350000,-0.210000,-0.210000
Zn-S-Sr-O,7.933000,7.933000,17.898000,1.000000,36.910000,40.220000,-6.920000,-6.920000,-1.660000,-1.660000,38.560000,38.560000,1.090000,1.090000
Zn-S-Sr-Se,8.262000,8.262000,16.501000,1.000000,-68.640000,1.120000,-68.620000,-68.620000,-34.880000,-34.880000,-33.760000,-33.760000,-0.020000,-0.020000
Zn-S-Sr-Te,9.762000,9.762000,11.819000,1.000000,18.380000,15.310000,5.640000,5.640000,1.540000,1.540000,16.840000,16.840000,0.830000,0.830000
Zn-Te-Ba-O,8.672000,8.672000,14.977000,1.000000,58.380000,44.720000,24.130000,24.130000,6.830000,6.830000,51.550000,51.550000,0.770000,0.770000
Zn-Te-Ba-S,9.229000,9.229000,13.224000,1.000000,21.910000,-5.690000,20.430000,20.430000,13.800000,13.800000,8.110000,8.110000,-0.260000,-0.260000
Zn-Te-Ba-Se,9.280000,9.280000,13.078000,1.000000,23.320000,6.580000,21.460000,21.460000,8.370000,8.370000,14.950000,14.950000,0.280000,0.280000
Zn-Te-Be-O,7.966000,7.966000,17.749000,1.000000,56.810000,86.190000,-73.960000,-73.960000,-14.690000,-14.690000,71.500000,71.500000,1.520000,1.520000
Zn-Te-Be-S,7.056000,7.056000,22.621000,1.000000,-8.320000,-39.480000,178.900000,178.900000,15.580000,15.580000,-23.900000,-23.900000,4.740000,4.740000
Zn-Te-Be-Se,7.803000,7.803000,18.496000,1.000000,-29.250000,-47.590000,48.200000,48.200000,9.170000,9.170000,-38.420000,-38.420000,1.630000,1.630000
Zn-Te-Cd-O,7.818000,7.818000,18.428000,1.000000,-5.660000,6.340000,1.420000,1.420000,-6.000000,-6.000000,0.340000,0.340000,-1.120000,-1.120000
Zn-Te-Cd-S,8.561000,8.561000,15.366000,1.000000,13.760000,4.530000,12.270000,12.270000,4.610000,4.610000,9.140000,9.140000,0.330000,0.330000
Zn-Te-Cd-Se,8.696000,8.696000,14.896000,1.000000,25.920000,-11.820000,20.530000,20.530000,18.870000,18.870000,7.050000,7.050000,-0.460000,-0.460000
Zn-Te-Mg-O,7.216000,7.216000,21.629000,1.000000,19.460000,-16.310000,5.790000,5.790000,17.890000,17.890000,1.580000,1.580000,-0.840000,-0.840000
Zn-Te-Mg-S,8.389000,8.389000,16.004000,1.000000,30.020000,8.830000,27.430000,27.430000,10.600000,10.600000,19.420000,19.420000,0.290000,0.290000
Zn-Te-Mg-Se,8.626000,8.626000,15.137000,1.000000,14.080000,20.530000,-15.850000,-15.850000,-3.220000,-3.220000,17.300000,17.300000,1.460000,1.460000
Zn-Te-Sr-O,8.322000,8.322000,16.265000,1.000000,0.620000,-9.170000,-134.710000,-134.710000,4.900000,4.900000,-4.270000,-4.270000,-14.760000,-14.760000
Zn-Te-Sr-S,9.133000,9.133000,13.502000,1.000000,23.740000,11.360000,18.300000,18.300000,6.190000,6.190000,17.550000,17.550000,0.480000,0.480000
Zn-Te-Sr-Se,9.171000,9.171000,13.390000,1.000000,54.770000,-12.710000,51.820000,51.820000,33.740000,33.740000,21.030000,21.030000,-0.230000,-0.230000
